00110001101
01110101011
01010101000
00011101111
01011100001
00011001011
01010101111
00101111100
00010111111
00001010101
00001000000
00011011010
01011010011
00111010011
01001000100
00010110000
00011010001
00001111000
01101011101
01111000100
01111100000
01100011001
01011001001
01110110111
01000011100
01011000110
01010101000
01111111111
01110011101
01111000000
00011101010
00001110110
00100111011
00001010110
00010101010
01011001010
01101101101
01011001001
01000001110
00000011100
00111110111
01000100110
00101000011
00101100011
01111111011
00010001011
00001101000
01001101110
01110110010
00010111011
