[7,3]->[8,1]
[12,3]->[13,2]
[18,0]->[19,3]
[24,5]->[25,3]
[0,3]->[1,6]
[10,4]->[11,6]
[6,6]->[7,6]
[8,5]->[9,2]
[20,3]->[21,2]
[22,4]->[23,0]
[11,6]->[12,6]
[1,6]->[2,2]
[23,0]->[24,0]
[22,1]->[23,6]
[11,0]->[12,4]
[13,0]->[14,5]
[0,6]->[1,2]
[12,2]->[13,6]
[1,1]->[2,0]
[4,0]->[5,5]
[11,5]->[12,2]
[24,4]->[25,1]
[13,3]->[14,4]
[1,0]->[2,3]
[2,5]->[3,1]
[16,2]->[17,3]
[1,5]->[2,4]
[15,5]->[16,3]
[13,6]->[14,0]
[17,5]->[18,3]
[23,4]->[24,2]
[E-3240]->[0,4]
[22,3]->[23,2]
[15,0]->[16,0]
[18,4]->[19,4]
[15,2]->[16,6]
[18,5]->[19,0]
[16,4]->[17,6]
[8,1]->[9,1]
[18,6]->[19,5]
[12,4]->[13,1]
[10,6]->[11,3]
[20,1]->[21,1]
[17,2]->[18,6]
[10,3]->[11,2]
[14,4]->[15,1]
[6,2]->[7,5]
[6,3]->[7,1]
[24,1]->[25,5]
[3,3]->[4,3]
[15,3]->[16,5]
[4,3]->[5,6]
[9,1]->[10,5]
[7,4]->[8,6]
[A-7206]->[0,0]
[2,6]->[3,6]
[16,3]->[17,5]
[11,2]->[12,5]
[2,0]->[3,2]
[20,5]->[21,6]
[17,4]->[18,4]
[12,5]->[13,0]
[22,5]->[23,5]
[8,3]->[9,6]
[5,3]->[6,4]
[19,2]->[20,5]
[6,4]->[7,3]
[16,5]->[17,4]
[19,0]->[20,1]
[C-0160]->[0,6]
[12,1]->[13,5]
[21,6]->[22,0]
[17,0]->[18,1]
[7,1]->[8,0]
[0,2]->[1,3]
[6,1]->[7,4]
[11,4]->[12,3]
[23,6]->[24,1]
[12,6]->[13,3]
[2,1]->[3,5]
[17,3]->[18,2]
[7,0]->[8,3]
[B-7126]->[0,2]
[2,3]->[3,0]
[5,0]->[6,5]
[4,6]->[5,0]
[8,4]->[9,0]
[13,4]->[14,1]
[11,3]->[12,0]
[6,5]->[7,0]
[D-7031]->[0,3]
[3,5]->[4,0]
[20,2]->[21,5]
[2,4]->[3,3]
[7,2]->[8,4]
[19,1]->[20,4]
[15,6]->[16,1]
[0,1]->[1,5]
[24,6]->[25,6]
[0,5]->[1,0]
[15,4]->[16,4]
[14,2]->[15,2]
[20,4]->[21,0]
[18,2]->[19,6]
[10,1]->[11,0]
[14,0]->[15,4]
[8,6]->[9,5]
[8,0]->[9,4]
[9,6]->[10,2]
[3,2]->[4,5]
[5,6]->[6,0]
[17,1]->[18,5]
[9,0]->[10,1]
[21,4]->[22,4]
[D-7311]->[0,1]
[20,6]->[21,3]
[23,1]->[24,3]
[21,1]->[22,1]
[14,6]->[15,5]
[19,3]->[20,3]
[12,0]->[13,4]
[14,3]->[15,0]
[3,4]->[4,2]
[1,3]->[2,1]
[9,4]->[10,4]
[19,6]->[20,0]
[9,2]->[10,3]
[10,5]->[11,4]
[11,1]->[12,1]
[8,2]->[9,3]
[24,0]->[25,0]
[19,5]->[20,2]
[13,1]->[14,3]
[0,4]->[1,4]
[21,3]->[22,6]
[10,0]->[11,5]
[14,5]->[15,3]
[5,1]->[6,1]
[4,2]->[5,4]
[13,5]->[14,6]
[3,1]->[4,4]
[22,2]->[23,3]
[18,1]->[19,2]
[6,0]->[7,2]
[17,6]->[18,0]
[24,3]->[25,4]
[20,0]->[21,4]
[1,4]->[2,6]
[22,6]->[23,1]
[13,2]->[14,2]
[14,1]->[15,6]
[5,4]->[6,2]
[23,3]->[24,6]
[4,1]->[5,3]
[15,1]->[16,2]
[23,2]->[24,4]
[9,3]->[10,6]
[16,0]->[17,2]
[16,1]->[17,0]
[A-4450]->[0,5]
[4,5]->[5,2]
[19,4]->[20,6]
[10,2]->[11,1]
[16,6]->[17,1]
[0,0]->[1,1]
[1,2]->[2,5]
[23,5]->[24,5]
[9,5]->[10,0]
[18,3]->[19,1]
[5,5]->[6,6]
[4,4]->[5,1]
[3,0]->[4,6]
[21,0]->[22,2]
[3,6]->[4,1]
[21,5]->[22,5]
[7,5]->[8,5]
[24,2]->[25,2]
[5,2]->[6,3]
[21,2]->[22,3]
[2,2]->[3,4]
[22,0]->[23,4]
[7,6]->[8,2]
====================
[C-0160]->[?]
%%%%%%%%%%%%%%%%%%%%%%%%%%%%%%%%%%%%%%%%%%%%%%%%%%%%%%%%%%%%%%%%%%
[6,1]->[7,5]
[9,3]->[10,2]
[11,2]->[12,3]
[16,3]->[17,2]
[2,3]->[3,5]
[14,4]->[15,0]
[0,5]->[1,5]
[19,3]->[20,2]
[1,0]->[2,4]
[3,3]->[4,4]
[1,5]->[2,0]
[8,3]->[9,2]
[7,0]->[8,5]
[11,4]->[12,4]
[0,2]->[1,1]
[15,5]->[16,0]
[E-1015]->[0,1]
[8,0]->[9,1]
[5,2]->[6,3]
[6,3]->[7,3]
[3,2]->[4,3]
[12,2]->[13,5]
[13,2]->[14,5]
[18,3]->[19,5]
[9,4]->[10,1]
[5,3]->[6,1]
[7,2]->[8,3]
[12,0]->[13,2]
[10,3]->[11,3]
[13,5]->[14,0]
[3,1]->[4,5]
[19,0]->[20,1]
[10,4]->[11,5]
[16,2]->[17,0]
[17,1]->[18,2]
[17,5]->[18,0]
[7,3]->[8,2]
[12,5]->[13,4]
[12,3]->[13,0]
[1,1]->[2,5]
[12,1]->[13,3]
[16,1]->[17,4]
[F-0207]->[0,0]
[5,0]->[6,2]
[7,4]->[8,4]
[8,4]->[9,3]
[16,5]->[17,3]
[12,4]->[13,1]
[18,4]->[19,3]
[19,1]->[20,4]
[11,3]->[12,2]
[15,3]->[16,4]
[15,2]->[16,1]
[10,1]->[11,4]
[9,5]->[10,4]
[9,0]->[10,5]
[2,5]->[3,2]
[5,4]->[6,0]
[19,4]->[20,3]
[10,5]->[11,0]
[8,2]->[9,0]
[15,1]->[16,3]
[16,0]->[17,5]
[4,0]->[5,0]
[18,0]->[19,1]
[14,0]->[15,5]
[11,5]->[12,0]
[0,1]->[1,4]
[4,1]->[5,1]
[7,1]->[8,1]
[13,1]->[14,2]
[2,2]->[3,3]
[1,2]->[2,1]
[8,5]->[9,4]
[4,2]->[5,3]
[4,4]->[5,5]
[15,0]->[16,5]
[0,3]->[1,2]
[3,0]->[4,1]
[14,1]->[15,1]
[2,0]->[3,4]
[6,5]->[7,1]
[4,3]->[5,2]
[14,5]->[15,3]
[19,2]->[20,5]
[19,5]->[20,0]
[16,4]->[17,1]
[17,4]->[18,1]
[14,2]->[15,4]
[13,0]->[14,3]
[0,0]->[1,3]
[2,1]->[3,1]
[6,4]->[7,0]
[D-4141]->[0,4]
[18,1]->[19,4]
[18,5]->[19,0]
[17,2]->[18,5]
[8,1]->[9,5]
[10,0]->[11,2]
[F-6833]->[0,3]
[4,5]->[5,4]
[10,2]->[11,1]
[6,2]->[7,4]
[1,3]->[2,3]
[2,4]->[3,0]
[6,0]->[7,2]
[11,1]->[12,5]
[F-4158]->[0,5]
[1,4]->[2,2]
[B-3123]->[0,2]
[13,3]->[14,4]
[5,1]->[6,4]
[3,4]->[4,2]
[9,1]->[10,0]
[3,5]->[4,0]
[11,0]->[12,1]
[14,3]->[15,2]
[17,3]->[18,4]
[18,2]->[19,2]
[7,5]->[8,0]
[17,0]->[18,3]
[9,2]->[10,3]
[0,4]->[1,0]
[5,5]->[6,5]
[13,4]->[14,1]
[15,4]->[16,2]
====================
[F-6833]->[?]
%%%%%%%%%%%%%%%%%%%%%%%%%%%%%%%%%%%%%%%%%%%%%%%%%%%%%%%%%%%%%%%%%%
[13,5]->[14,2]
[4,1]->[5,2]
[2,4]->[3,2]
[11,4]->[12,2]
[13,2]->[14,1]
[9,3]->[10,4]
[13,6]->[14,5]
[5,4]->[6,4]
[16,6]->[17,6]
[15,6]->[16,3]
[0,0]->[1,4]
[13,3]->[14,0]
[14,3]->[15,0]
[6,4]->[7,0]
[3,2]->[4,0]
[2,5]->[3,1]
[6,6]->[7,3]
[3,4]->[4,2]
[10,3]->[11,4]
[15,4]->[16,4]
[7,5]->[8,2]
[5,5]->[6,2]
[D-6228]->[0,2]
[10,6]->[11,3]
[7,3]->[8,3]
[9,2]->[10,2]
[16,4]->[17,0]
[9,1]->[10,5]
[E-6205]->[0,0]
[16,1]->[17,5]
[6,5]->[7,5]
[0,4]->[1,3]
[2,3]->[3,4]
[4,0]->[5,1]
[5,2]->[6,3]
[3,5]->[4,4]
[17,4]->[18,2]
[B-2531]->[0,3]
[0,1]->[1,5]
[2,0]->[3,5]
[13,1]->[14,4]
[5,6]->[6,1]
[0,5]->[1,6]
[17,0]->[18,0]
[9,4]->[10,6]
[16,3]->[17,3]
[11,3]->[12,0]
[17,5]->[18,6]
[11,6]->[12,3]
[11,5]->[12,4]
[7,1]->[8,1]
[9,0]->[10,0]
[14,2]->[15,5]
[17,1]->[18,3]
[8,2]->[9,5]
[11,1]->[12,1]
[16,5]->[17,2]
[8,3]->[9,6]
[1,3]->[2,1]
[1,0]->[2,3]
[8,4]->[9,1]
[3,1]->[4,3]
[14,1]->[15,3]
[3,3]->[4,1]
[16,0]->[17,1]
[12,1]->[13,4]
[5,0]->[6,6]
[9,5]->[10,1]
[0,6]->[1,0]
[7,4]->[8,4]
[9,6]->[10,3]
[16,2]->[17,4]
[4,6]->[5,3]
[6,3]->[7,1]
[6,1]->[7,6]
[8,1]->[9,0]
[4,2]->[5,0]
[10,1]->[11,0]
[2,2]->[3,0]
[4,3]->[5,4]
[14,4]->[15,6]
[13,4]->[14,6]
[E-5755]->[0,5]
[12,6]->[13,0]
[15,2]->[16,2]
[12,3]->[13,2]
[4,5]->[5,6]
[7,2]->[8,0]
[10,0]->[11,6]
[13,0]->[14,3]
[7,0]->[8,6]
[C-5618]->[0,1]
[12,0]->[13,1]
[17,3]->[18,4]
[10,4]->[11,5]
[15,1]->[16,5]
[6,0]->[7,2]
[1,6]->[2,6]
[5,3]->[6,5]
[17,2]->[18,1]
[A-5346]->[0,4]
[5,1]->[6,0]
[8,0]->[9,3]
[17,6]->[18,5]
[12,4]->[13,3]
[10,2]->[11,2]
[0,2]->[1,2]
[12,5]->[13,5]
[14,6]->[15,2]
[10,5]->[11,1]
[12,2]->[13,6]
[8,6]->[9,2]
[8,5]->[9,4]
[14,5]->[15,1]
[14,0]->[15,4]
[7,6]->[8,5]
[15,3]->[16,0]
[1,2]->[2,4]
[3,0]->[4,5]
[11,0]->[12,5]
[6,2]->[7,4]
[1,4]->[2,5]
[15,0]->[16,6]
[D-6465]->[0,6]
[1,1]->[2,2]
[15,5]->[16,1]
[1,5]->[2,0]
[11,2]->[12,6]
[2,6]->[3,6]
[4,4]->[5,5]
[0,3]->[1,1]
[2,1]->[3,3]
[3,6]->[4,6]
====================
[E-6205]->[?]
%%%%%%%%%%%%%%%%%%%%%%%%%%%%%%%%%%%%%%%%%%%%%%%%%%%%%%%%%%%%%%%%%%
[4,2]->[5,4]
[6,8]->[7,9]
[6,4]->[7,6]
[2,0]->[3,5]
[0,9]->[1,2]
[0,5]->[1,8]
[3,6]->[4,0]
[4,6]->[5,2]
[0,3]->[1,10]
[0,0]->[1,1]
[0,4]->[1,0]
[7,3]->[8,0]
[4,5]->[5,6]
[7,1]->[8,8]
[2,2]->[3,3]
[2,8]->[3,6]
[2,6]->[3,8]
[7,8]->[8,4]
[A-4484]->[0,8]
[1,2]->[2,8]
[8,10]->[9,4]
[1,7]->[2,5]
[6,7]->[7,2]
[6,6]->[7,8]
[5,10]->[6,7]
[5,8]->[6,10]
[6,3]->[7,7]
[2,4]->[3,2]
[3,5]->[4,4]
[3,9]->[4,8]
[2,10]->[3,4]
[6,2]->[7,1]
[F-8805]->[0,0]
[8,7]->[9,2]
[4,0]->[5,5]
[5,3]->[6,9]
[6,9]->[7,3]
[0,10]->[1,5]
[8,4]->[9,8]
[A-1332]->[0,3]
[8,9]->[9,1]
[E-0524]->[0,2]
[7,2]->[8,7]
[5,6]->[6,4]
[5,0]->[6,3]
[2,5]->[3,7]
[3,10]->[4,2]
[3,4]->[4,1]
[2,7]->[3,1]
[4,1]->[5,8]
[4,8]->[5,1]
[2,9]->[3,9]
[8,2]->[9,3]
[4,4]->[5,3]
[4,9]->[5,10]
[1,3]->[2,3]
[3,2]->[4,5]
[5,7]->[6,0]
[A-4774]->[0,7]
[6,1]->[7,5]
[8,0]->[9,5]
[8,1]->[9,0]
[8,6]->[9,9]
[D-6045]->[0,4]
[7,10]->[8,1]
[7,7]->[8,6]
[1,0]->[2,9]
[3,8]->[4,9]
[4,3]->[5,0]
[1,6]->[2,7]
[3,0]->[4,6]
[0,2]->[1,7]
[6,0]->[7,4]
[2,3]->[3,0]
[1,4]->[2,0]
[6,10]->[7,10]
[B-0096]->[0,9]
[0,1]->[1,6]
[D-8451]->[0,5]
[5,4]->[6,8]
[B-6315]->[0,1]
[1,10]->[2,6]
[7,4]->[8,9]
[C-8567]->[0,6]
[5,9]->[6,1]
[5,1]->[6,2]
[6,5]->[7,0]
[7,6]->[8,5]
[5,2]->[6,5]
[8,3]->[9,10]
[2,1]->[3,10]
[0,6]->[1,9]
[0,8]->[1,4]
[1,1]->[2,2]
[8,8]->[9,7]
[8,5]->[9,6]
[4,10]->[5,9]
[4,7]->[5,7]
[A-82107]->[0,10]
[0,7]->[1,3]
[7,9]->[8,2]
[7,5]->[8,10]
[5,5]->[6,6]
[7,0]->[8,3]
[1,8]->[2,4]
[1,9]->[2,10]
[3,3]->[4,3]
[3,7]->[4,7]
[1,5]->[2,1]
[3,1]->[4,10]
====================
[C-8567]->[?]
%%%%%%%%%%%%%%%%%%%%%%%%%%%%%%%%%%%%%%%%%%%%%%%%%%%%%%%%%%%%%%%%%%
[0,0]->[1,2]
[3,1]->[4,0]
[9,2]->[10,2]
[A-1523]->[0,2]
[5,0]->[6,5]
[10,0]->[11,3]
[2,4]->[3,2]
[10,3]->[11,5]
[0,3]->[1,4]
[7,0]->[8,2]
[5,5]->[6,4]
[0,1]->[1,5]
[7,1]->[8,5]
[0,4]->[1,3]
[10,5]->[11,2]
[B-3014]->[0,1]
[11,1]->[12,0]
[4,1]->[5,3]
[C-7605]->[0,0]
[4,5]->[5,1]
[0,2]->[1,0]
[9,5]->[10,0]
[11,5]->[12,4]
[11,2]->[12,3]
[7,5]->[8,1]
[D-6547]->[0,4]
[11,0]->[12,5]
[7,4]->[8,3]
[6,4]->[7,4]
[10,1]->[11,0]
[4,4]->[5,5]
[9,4]->[10,3]
[9,0]->[10,5]
[5,2]->[6,2]
[1,4]->[2,4]
[11,4]->[12,2]
[3,5]->[4,5]
[8,1]->[9,0]
[0,5]->[1,1]
[3,2]->[4,2]
[9,3]->[10,1]
[6,5]->[7,5]
[8,0]->[9,2]
[6,1]->[7,1]
[2,3]->[3,0]
[2,2]->[3,3]
[8,5]->[9,3]
[4,3]->[5,0]
[7,3]->[8,0]
[8,4]->[9,1]
[8,2]->[9,4]
[2,0]->[3,1]
[2,5]->[3,4]
[11,3]->[12,1]
[5,3]->[6,1]
[3,4]->[4,1]
[8,3]->[9,5]
[7,2]->[8,4]
[D-3354]->[0,5]
[E-1534]->[0,3]
[4,0]->[5,2]
[1,0]->[2,5]
[1,2]->[2,2]
[10,2]->[11,1]
[5,1]->[6,0]
[1,1]->[2,3]
[4,2]->[5,4]
[6,0]->[7,0]
[9,1]->[10,4]
[10,4]->[11,4]
[3,3]->[4,3]
[1,5]->[2,1]
[5,4]->[6,3]
[3,0]->[4,4]
[6,2]->[7,3]
[2,1]->[3,5]
[6,3]->[7,2]
[1,3]->[2,0]
====================
[D-3354]->[?]
%%%%%%%%%%%%%%%%%%%%%%%%%%%%%%%%%%%%%%%%%%%%%%%%%%%%%%%%%%%%%%%%%%
[11,5]->[12,2]
[13,6]->[14,0]
[8,6]->[9,2]
[7,3]->[8,5]
[11,2]->[12,1]
[9,0]->[10,4]
[3,2]->[4,0]
[9,2]->[10,6]
[10,7]->[11,0]
[13,1]->[14,5]
[9,7]->[10,1]
[10,2]->[11,3]
[10,5]->[11,7]
[0,3]->[1,5]
[1,3]->[2,6]
[13,7]->[14,1]
[3,5]->[4,6]
[12,7]->[13,1]
[10,6]->[11,1]
[5,4]->[6,2]
[D-4660]->[0,6]
[3,4]->[4,3]
[1,7]->[2,1]
[6,6]->[7,2]
[13,0]->[14,2]
[3,0]->[4,2]
[8,4]->[9,5]
[4,2]->[5,6]
[11,7]->[12,6]
[4,4]->[5,7]
[10,0]->[11,5]
[5,7]->[6,6]
[1,5]->[2,2]
[2,3]->[3,3]
[9,1]->[10,7]
[0,4]->[1,6]
[4,7]->[5,3]
[10,3]->[11,4]
[11,4]->[12,7]
[4,3]->[5,2]
[6,2]->[7,7]
[3,7]->[4,1]
[1,1]->[2,7]
[13,5]->[14,6]
[6,7]->[7,4]
[8,5]->[9,1]
[5,3]->[6,1]
[2,1]->[3,0]
[8,1]->[9,0]
[12,0]->[13,6]
[9,6]->[10,0]
[5,6]->[6,5]
[7,6]->[8,3]
[5,2]->[6,7]
[4,6]->[5,0]
[13,4]->[14,7]
[12,3]->[13,2]
[12,6]->[13,0]
[7,2]->[8,4]
[2,6]->[3,6]
[11,6]->[12,4]
[2,7]->[3,7]
[12,2]->[13,4]
[0,5]->[1,4]
[8,2]->[9,4]
[12,4]->[13,3]
[1,6]->[2,0]
[6,4]->[7,6]
[9,5]->[10,2]
[2,2]->[3,1]
[D-8874]->[0,7]
[2,5]->[3,5]
[13,3]->[14,3]
[0,0]->[1,3]
[F-7754]->[0,5]
[0,1]->[1,7]
[6,0]->[7,0]
[3,6]->[4,4]
[11,3]->[12,0]
[0,2]->[1,2]
[C-4647]->[0,4]
[7,4]->[8,7]
[0,7]->[1,1]
[8,7]->[9,7]
[7,7]->[8,1]
[3,3]->[4,7]
[4,5]->[5,1]
[6,3]->[7,1]
[5,5]->[6,0]
[12,5]->[13,7]
[2,4]->[3,2]
[6,1]->[7,5]
[4,1]->[5,5]
[5,1]->[6,4]
[3,1]->[4,5]
[2,0]->[3,4]
[7,1]->[8,2]
[8,0]->[9,6]
[10,4]->[11,2]
[5,0]->[6,3]
[9,4]->[10,3]
[1,2]->[2,5]
[7,5]->[8,0]
[F-8614]->[0,1]
[11,0]->[12,5]
[E-4424]->[0,2]
[1,4]->[2,4]
[8,3]->[9,3]
[10,1]->[11,6]
[4,0]->[5,4]
[D-0504]->[0,0]
[12,1]->[13,5]
[6,5]->[7,3]
[9,3]->[10,5]
[13,2]->[14,4]
[11,1]->[12,3]
[1,0]->[2,3]
[F-8437]->[0,3]
[7,0]->[8,6]
[0,6]->[1,0]
====================
[E-4424]->[?]
%%%%%%%%%%%%%%%%%%%%%%%%%%%%%%%%%%%%%%%%%%%%%%%%%%%%%%%%%%%%%%%%%%
[23,2]->[24,3]
[16,2]->[17,0]
[2,4]->[3,2]
[21,5]->[22,3]
[1,1]->[2,6]
[12,5]->[13,4]
[6,3]->[7,5]
[3,3]->[4,0]
[18,7]->[19,2]
[4,3]->[5,1]
[12,2]->[13,1]
[16,3]->[17,6]
[20,5]->[21,1]
[14,0]->[15,5]
[19,4]->[20,7]
[15,1]->[16,7]
[17,6]->[18,7]
[17,4]->[18,2]
[11,1]->[12,3]
[18,5]->[19,4]
[16,4]->[17,3]
[21,0]->[22,7]
[7,2]->[8,2]
[5,6]->[6,0]
[15,2]->[16,1]
[11,5]->[12,2]
[1,7]->[2,3]
[10,5]->[11,2]
[18,2]->[19,6]
[11,2]->[12,7]
[15,5]->[16,4]
[20,0]->[21,7]
[2,2]->[3,1]
[13,3]->[14,4]
[16,1]->[17,7]
[0,5]->[1,0]
[10,3]->[11,5]
[4,1]->[5,6]
[4,5]->[5,5]
[0,0]->[1,5]
[1,6]->[2,4]
[10,1]->[11,4]
[10,2]->[11,6]
[23,5]->[24,6]
[19,2]->[20,0]
[4,4]->[5,4]
[21,1]->[22,5]
[2,5]->[3,3]
[13,2]->[14,1]
[14,6]->[15,7]
[8,7]->[9,1]
[22,7]->[23,5]
[4,7]->[5,3]
[7,3]->[8,6]
[14,1]->[15,1]
[5,5]->[6,2]
[8,1]->[9,0]
[15,3]->[16,0]
[21,3]->[22,2]
[0,6]->[1,6]
[22,3]->[23,7]
[17,0]->[18,0]
[8,6]->[9,2]
[8,2]->[9,4]
[20,4]->[21,6]
[12,1]->[13,7]
[0,1]->[1,4]
[8,0]->[9,3]
[20,6]->[21,3]
[22,2]->[23,1]
[9,5]->[10,0]
[17,5]->[18,5]
[8,3]->[9,6]
[5,3]->[6,1]
[8,5]->[9,7]
[3,5]->[4,6]
[22,5]->[23,4]
[13,1]->[14,6]
[23,0]->[24,2]
[18,3]->[19,3]
[5,0]->[6,5]
[C-4411]->[0,1]
[14,2]->[15,0]
[17,1]->[18,6]
[0,7]->[1,7]
[2,1]->[3,5]
[6,4]->[7,2]
[20,1]->[21,4]
[2,0]->[3,4]
[15,4]->[16,3]
[22,4]->[23,0]
[13,5]->[14,5]
[B-0160]->[0,6]
[14,7]->[15,3]
[3,0]->[4,5]
[18,6]->[19,1]
[0,3]->[1,1]
[12,3]->[13,3]
[6,1]->[7,6]
[5,1]->[6,7]
[9,7]->[10,6]
[16,7]->[17,1]
[23,3]->[24,4]
[4,6]->[5,2]
[7,1]->[8,3]
[12,4]->[13,2]
[13,6]->[14,0]
[18,0]->[19,5]
[14,4]->[15,4]
[3,7]->[4,1]
[12,7]->[13,0]
[21,6]->[22,0]
[20,3]->[21,2]
[18,1]->[19,7]
[7,5]->[8,7]
[7,7]->[8,1]
[19,1]->[20,5]
[7,6]->[8,5]
[7,0]->[8,0]
[13,0]->[14,7]
[9,3]->[10,1]
[23,1]->[24,7]
[0,4]->[1,3]
[6,5]->[7,7]
[6,2]->[7,0]
[3,6]->[4,3]
[18,4]->[19,0]
[4,2]->[5,7]
[19,7]->[20,6]
[F-7241]->[0,4]
[5,7]->[6,3]
[15,6]->[16,2]
[9,0]->[10,2]
[23,6]->[24,0]
[9,6]->[10,5]
[15,0]->[16,5]
[19,5]->[20,2]
[22,6]->[23,6]
[19,6]->[20,1]
[11,4]->[12,6]
[1,2]->[2,0]
[E-5701]->[0,0]
[22,1]->[23,2]
[14,3]->[15,2]
[5,4]->[6,4]
[9,1]->[10,7]
[13,4]->[14,3]
[C-0678]->[0,7]
[0,2]->[1,2]
[11,7]->[12,5]
[1,5]->[2,5]
[B-7135]->[0,3]
[D-4223]->[0,2]
[B-6451]->[0,5]
[13,7]->[14,2]
[6,7]->[7,4]
[19,0]->[20,3]
[22,0]->[23,3]
[10,6]->[11,7]
[2,3]->[3,0]
[21,2]->[22,6]
[16,5]->[17,5]
[1,4]->[2,2]
[6,6]->[7,3]
[11,0]->[12,0]
[11,6]->[12,4]
[3,2]->[4,2]
[10,4]->[11,1]
[16,6]->[17,2]
[2,6]->[3,6]
[20,7]->[21,5]
[21,4]->[22,1]
[10,7]->[11,3]
[6,0]->[7,1]
[20,2]->[21,0]
[9,4]->[10,3]
[12,0]->[13,5]
[5,2]->[6,6]
[7,4]->[8,4]
[2,7]->[3,7]
[4,0]->[5,0]
[1,3]->[2,7]
[17,2]->[18,4]
[19,3]->[20,4]
[8,4]->[9,5]
[23,7]->[24,5]
[12,6]->[13,6]
[21,7]->[22,4]
[3,1]->[4,7]
[15,7]->[16,6]
[17,7]->[18,3]
[23,4]->[24,1]
[11,3]->[12,1]
[17,3]->[18,1]
[10,0]->[11,0]
[9,2]->[10,4]
[1,0]->[2,1]
[16,0]->[17,4]
[3,4]->[4,4]
[14,5]->[15,6]
====================
[B-6451]->[?]
%%%%%%%%%%%%%%%%%%%%%%%%%%%%%%%%%%%%%%%%%%%%%%%%%%%%%%%%%%%%%%%%%%
[0,10]->[1,1]
[10,5]->[11,8]
[14,10]->[15,9]
[1,3]->[2,10]
[8,7]->[9,5]
[7,2]->[8,7]
[13,1]->[14,9]
[F-0064]->[0,6]
[17,6]->[18,0]
[D-0823]->[0,2]
[12,3]->[13,0]
[12,5]->[13,4]
[17,7]->[18,9]
[15,5]->[16,0]
[11,8]->[12,3]
[13,0]->[14,10]
[1,7]->[2,0]
[17,1]->[18,7]
[10,4]->[11,10]
[10,2]->[11,5]
[11,3]->[12,1]
[13,2]->[14,0]
[14,9]->[15,7]
[10,3]->[11,9]
[1,5]->[2,4]
[5,8]->[6,10]
[13,7]->[14,1]
[14,3]->[15,4]
[11,10]->[12,0]
[3,1]->[4,9]
[9,10]->[10,1]
[16,9]->[17,6]
[1,2]->[2,7]
[4,8]->[5,5]
[4,7]->[5,3]
[1,1]->[2,6]
[5,0]->[6,0]
[1,9]->[2,3]
[2,0]->[3,3]
[8,8]->[9,8]
[4,4]->[5,7]
[16,1]->[17,5]
[11,7]->[12,10]
[16,5]->[17,0]
[0,7]->[1,4]
[10,6]->[11,1]
[10,0]->[11,2]
[14,2]->[15,5]
[11,0]->[12,9]
[0,3]->[1,5]
[4,10]->[5,9]
[6,2]->[7,10]
[1,10]->[2,1]
[13,4]->[14,8]
[F-3652]->[0,5]
[12,1]->[13,9]
[15,3]->[16,9]
[12,7]->[13,1]
[12,10]->[13,5]
[2,6]->[3,2]
[2,5]->[3,6]
[2,1]->[3,5]
[9,7]->[10,0]
[2,2]->[3,10]
[F-8095]->[0,9]
[11,5]->[12,8]
[D-8403]->[0,0]
[4,3]->[5,10]
[12,2]->[13,3]
[17,5]->[18,5]
[11,4]->[12,6]
[10,9]->[11,0]
[6,3]->[7,5]
[11,9]->[12,2]
[17,8]->[18,1]
[7,0]->[8,10]
[5,10]->[6,7]
[10,1]->[11,3]
[3,10]->[4,0]
[6,8]->[7,7]
[18,3]->[19,3]
[6,4]->[7,2]
[17,9]->[18,2]
[16,10]->[17,4]
[9,3]->[10,4]
[17,10]->[18,8]
[5,5]->[6,4]
[9,2]->[10,6]
[1,4]->[2,9]
[1,8]->[2,8]
[14,0]->[15,10]
[3,4]->[4,2]
[2,3]->[3,0]
[8,9]->[9,7]
[0,8]->[1,3]
[5,6]->[6,8]
[8,5]->[9,6]
[3,9]->[4,4]
[0,6]->[1,9]
[18,6]->[19,10]
[7,9]->[8,2]
[4,1]->[5,4]
[15,10]->[16,7]
[14,8]->[15,1]
[0,9]->[1,2]
[18,10]->[19,5]
[9,5]->[10,7]
[0,5]->[1,7]
[17,4]->[18,4]
[18,0]->[19,1]
[5,2]->[6,5]
[7,3]->[8,0]
[6,0]->[7,6]
[2,10]->[3,4]
[10,7]->[11,4]
[0,4]->[1,8]
[5,7]->[6,9]
[10,10]->[11,7]
[9,8]->[10,3]
[12,0]->[13,2]
[4,0]->[5,2]
[18,5]->[19,7]
[11,6]->[12,7]
[7,4]->[8,3]
[10,8]->[11,6]
[3,5]->[4,1]
[D-4816]->[0,1]
[3,3]->[4,5]
[16,7]->[17,8]
[8,1]->[9,2]
[7,7]->[8,9]
[4,5]->[5,6]
[E-5142]->[0,4]
[4,6]->[5,0]
[7,6]->[8,8]
[16,8]->[17,3]
[3,2]->[4,3]
[B-17104]->[0,10]
[16,6]->[17,1]
[14,5]->[15,6]
[7,5]->[8,6]
[7,10]->[8,4]
[11,1]->[12,4]
[12,8]->[13,10]
[13,9]->[14,5]
[8,0]->[9,9]
[6,1]->[7,4]
[15,1]->[16,1]
[B-1732]->[0,3]
[18,4]->[19,0]
[16,3]->[17,7]
[6,7]->[7,3]
[14,4]->[15,2]
[15,2]->[16,4]
[15,7]->[16,3]
[2,4]->[3,9]
[17,2]->[18,3]
[7,8]->[8,1]
[17,3]->[18,6]
[5,3]->[6,1]
[5,9]->[6,3]
[3,6]->[4,8]
[16,0]->[17,2]
[F-7085]->[0,8]
[15,4]->[16,2]
[6,5]->[7,8]
[11,2]->[12,5]
[9,4]->[10,10]
[9,1]->[10,2]
[8,4]->[9,3]
[12,9]->[13,7]
[8,3]->[9,1]
[D-2477]->[0,7]
[13,3]->[14,3]
[12,6]->[13,6]
[8,6]->[9,4]
[9,0]->[10,9]
[14,1]->[15,8]
[16,2]->[17,9]
[18,2]->[19,4]
[3,0]->[4,7]
[15,9]->[16,8]
[15,6]->[16,5]
[8,2]->[9,0]
[5,4]->[6,2]
[2,8]->[3,7]
[18,1]->[19,6]
[13,5]->[14,6]
[15,8]->[16,6]
[0,1]->[1,0]
[16,4]->[17,10]
[18,8]->[19,8]
[3,8]->[4,6]
[6,9]->[7,1]
[15,0]->[16,10]
[2,7]->[3,1]
[14,7]->[15,3]
[4,2]->[5,1]
[2,9]->[3,8]
[14,6]->[15,0]
[6,6]->[7,9]
[17,0]->[18,10]
[13,10]->[14,4]
[13,6]->[14,7]
[18,7]->[19,9]
[9,6]->[10,5]
[9,9]->[10,8]
[0,0]->[1,6]
[4,9]->[5,8]
[18,9]->[19,2]
[7,1]->[8,5]
[13,8]->[14,2]
[1,6]->[2,2]
[0,2]->[1,10]
[8,10]->[9,10]
[12,4]->[13,8]
[5,1]->[6,6]
[3,7]->[4,10]
[1,0]->[2,5]
[6,10]->[7,0]
====================
[D-8403]->[?]
%%%%%%%%%%%%%%%%%%%%%%%%%%%%%%%%%%%%%%%%%%%%%%%%%%%%%%%%%%%%%%%%%%
[4,0]->[5,2]
[7,4]->[8,0]
[6,4]->[7,0]
[9,0]->[10,0]
[0,0]->[1,3]
[D-8243]->[0,4]
[7,2]->[8,2]
[3,4]->[4,2]
[7,3]->[8,1]
[3,2]->[4,0]
[C-7137]->[0,3]
[8,0]->[9,3]
[4,4]->[5,4]
[4,2]->[5,3]
[8,4]->[9,0]
[9,4]->[10,4]
[5,0]->[6,3]
[9,3]->[10,1]
[5,3]->[6,0]
[6,1]->[7,1]
[5,1]->[6,2]
[2,3]->[3,4]
[5,4]->[6,4]
[2,0]->[3,0]
[3,0]->[4,3]
[2,1]->[3,2]
[E-1206]->[0,0]
[10,4]->[11,4]
[C-7324]->[0,2]
[3,3]->[4,1]
[3,1]->[4,4]
[2,2]->[3,3]
[10,0]->[11,2]
[6,3]->[7,2]
[10,3]->[11,3]
[0,1]->[1,4]
[1,1]->[2,0]
[1,2]->[2,2]
[5,2]->[6,1]
[9,1]->[10,2]
[9,2]->[10,3]
[7,0]->[8,3]
[1,4]->[2,4]
[8,2]->[9,2]
[4,1]->[5,0]
[4,3]->[5,1]
[0,4]->[1,2]
[6,2]->[7,3]
[10,1]->[11,0]
[1,3]->[2,1]
[8,3]->[9,1]
[0,3]->[1,1]
[2,4]->[3,1]
[1,0]->[2,3]
[E-8618]->[0,1]
[8,1]->[9,4]
[6,0]->[7,4]
[0,2]->[1,0]
[10,2]->[11,1]
[7,1]->[8,4]
====================
[D-8243]->[?]
%%%%%%%%%%%%%%%%%%%%%%%%%%%%%%%%%%%%%%%%%%%%%%%%%%%%%%%%%%%%%%%%%%
[6,3]->[7,6]
[4,6]->[5,7]
[14,1]->[15,0]
[8,4]->[9,5]
[13,2]->[14,4]
[2,2]->[3,1]
[17,5]->[18,0]
[6,1]->[7,3]
[15,1]->[16,2]
[17,6]->[18,2]
[13,0]->[14,2]
[10,5]->[11,6]
[10,6]->[11,4]
[15,6]->[16,7]
[11,1]->[12,6]
[D-5533]->[0,3]
[16,5]->[17,2]
[13,1]->[14,5]
[15,8]->[16,4]
[12,6]->[13,4]
[3,3]->[4,1]
[16,6]->[17,1]
[6,2]->[7,1]
[12,1]->[13,0]
[9,8]->[10,7]
[B-4122]->[0,2]
[4,5]->[5,6]
[0,5]->[1,7]
[7,3]->[8,3]
[12,4]->[13,2]
[11,8]->[12,4]
[3,7]->[4,2]
[13,8]->[14,8]
[0,8]->[1,5]
[9,2]->[10,4]
[17,1]->[18,3]
[14,0]->[15,8]
[D-4806]->[0,0]
[2,4]->[3,3]
[17,8]->[18,6]
[8,5]->[9,8]
[8,3]->[9,6]
[D-1878]->[0,7]
[F-6747]->[0,4]
[12,3]->[13,7]
[15,2]->[16,5]
[17,7]->[18,8]
[1,7]->[2,5]
[0,4]->[1,2]
[5,3]->[6,1]
[10,7]->[11,3]
[10,3]->[11,2]
[3,2]->[4,4]
[11,2]->[12,1]
[7,1]->[8,6]
[11,0]->[12,2]
[2,1]->[3,0]
[7,2]->[8,8]
[4,0]->[5,0]
[16,3]->[17,8]
[17,2]->[18,5]
[7,7]->[8,0]
[10,8]->[11,8]
[3,1]->[4,0]
[0,7]->[1,8]
[13,6]->[14,0]
[1,5]->[2,4]
[2,3]->[3,6]
[2,7]->[3,5]
[B-8567]->[0,6]
[12,2]->[13,8]
[3,6]->[4,6]
[10,2]->[11,0]
[17,0]->[18,1]
[15,7]->[16,0]
[11,4]->[12,0]
[9,0]->[10,3]
[15,0]->[16,6]
[1,4]->[2,8]
[4,8]->[5,2]
[1,1]->[2,1]
[14,2]->[15,6]
[17,3]->[18,7]
[10,0]->[11,7]
[5,7]->[6,6]
[6,7]->[7,0]
[9,5]->[10,1]
[15,4]->[16,1]
[6,4]->[7,5]
[7,4]->[8,5]
[3,8]->[4,5]
[0,3]->[1,3]
[14,6]->[15,1]
[5,6]->[6,8]
[5,5]->[6,0]
[5,0]->[6,3]
[14,5]->[15,5]
[13,7]->[14,6]
[16,2]->[17,0]
[16,0]->[17,3]
[8,7]->[9,1]
[6,5]->[7,4]
[4,3]->[5,3]
[8,1]->[9,3]
[11,6]->[12,3]
[15,5]->[16,3]
[10,1]->[11,1]
[8,6]->[9,7]
[10,4]->[11,5]
[0,0]->[1,0]
[1,2]->[2,3]
[7,6]->[8,2]
[2,6]->[3,2]
[9,3]->[10,0]
[1,3]->[2,2]
[0,2]->[1,4]
[6,6]->[7,7]
[9,7]->[10,8]
[14,8]->[15,4]
[9,1]->[10,2]
[8,0]->[9,2]
[B-1688]->[0,8]
[11,5]->[12,5]
[14,4]->[15,7]
[12,8]->[13,6]
[1,8]->[2,6]
[5,2]->[6,7]
[7,0]->[8,4]
[5,8]->[6,5]
[4,1]->[5,4]
[14,3]->[15,2]
[C-2252]->[0,5]
[6,0]->[7,8]
[15,3]->[16,8]
[0,6]->[1,1]
[7,8]->[8,1]
[17,4]->[18,4]
[3,4]->[4,3]
[4,2]->[5,5]
[13,4]->[14,3]
[B-3411]->[0,1]
[3,5]->[4,8]
[4,4]->[5,1]
[8,2]->[9,0]
[2,8]->[3,4]
[1,0]->[2,0]
[9,4]->[10,5]
[16,8]->[17,7]
[6,8]->[7,2]
[5,1]->[6,4]
[12,7]->[13,5]
[7,5]->[8,7]
[11,3]->[12,8]
[16,1]->[17,5]
[1,6]->[2,7]
[12,5]->[13,1]
[9,6]->[10,6]
[14,7]->[15,3]
[16,7]->[17,4]
[8,8]->[9,4]
[2,0]->[3,7]
[3,0]->[4,7]
[13,5]->[14,7]
[4,7]->[5,8]
[12,0]->[13,3]
[11,7]->[12,7]
[16,4]->[17,6]
[2,5]->[3,8]
[13,3]->[14,1]
[0,1]->[1,6]
[5,4]->[6,2]
====================
[C-2252]->[?]
%%%%%%%%%%%%%%%%%%%%%%%%%%%%%%%%%%%%%%%%%%%%%%%%%%%%%%%%%%%%%%%%%%
[13,1]->[14,3]
[6,3]->[7,2]
[D-4821]->[0,2]
[14,3]->[15,0]
[6,2]->[7,0]
[7,2]->[8,4]
[18,3]->[19,2]
[5,3]->[6,1]
[9,2]->[10,4]
[17,3]->[18,3]
[2,0]->[3,3]
[18,2]->[19,3]
[23,3]->[24,3]
[0,3]->[1,3]
[3,3]->[4,1]
[11,3]->[12,3]
[17,0]->[18,4]
[0,0]->[1,1]
[10,3]->[11,1]
[F-3848]->[0,4]
[18,4]->[19,1]
[21,3]->[22,1]
[21,4]->[22,0]
[4,4]->[5,3]
[0,2]->[1,2]
[12,0]->[13,0]
[18,0]->[19,0]
[8,4]->[9,1]
[1,1]->[2,0]
[3,1]->[4,3]
[20,4]->[21,0]
[11,1]->[12,1]
[12,4]->[13,1]
[2,4]->[3,2]
[5,0]->[6,2]
[0,1]->[1,4]
[18,1]->[19,4]
[E-5618]->[0,1]
[12,1]->[13,4]
[13,2]->[14,2]
[14,2]->[15,2]
[15,4]->[16,2]
[1,3]->[2,1]
[21,2]->[22,4]
[22,2]->[23,4]
[19,2]->[20,3]
[20,2]->[21,2]
[8,2]->[9,3]
[17,2]->[18,2]
[17,1]->[18,1]
[20,3]->[21,4]
[15,1]->[16,4]
[19,0]->[20,0]
[10,2]->[11,0]
[11,2]->[12,0]
[17,4]->[18,0]
[12,3]->[13,2]
[7,1]->[8,0]
[15,0]->[16,3]
[8,3]->[9,0]
[E-3237]->[0,3]
[11,4]->[12,4]
[0,4]->[1,0]
[16,4]->[17,4]
[22,3]->[23,2]
[1,2]->[2,4]
[3,0]->[4,0]
[22,1]->[23,1]
[7,3]->[8,2]
[14,4]->[15,3]
[10,0]->[11,2]
[6,1]->[7,4]
[11,0]->[12,2]
[23,1]->[24,2]
[16,3]->[17,0]
[14,1]->[15,1]
[3,4]->[4,4]
[20,0]->[21,1]
[1,4]->[2,2]
[15,3]->[16,1]
[19,3]->[20,1]
[4,3]->[5,1]
[7,0]->[8,1]
[22,4]->[23,3]
[2,1]->[3,0]
[1,0]->[2,3]
[15,2]->[16,0]
[12,2]->[13,3]
[21,0]->[22,3]
[19,4]->[20,4]
[21,1]->[22,2]
[19,1]->[20,2]
[16,1]->[17,1]
[14,0]->[15,4]
[10,4]->[11,4]
[23,2]->[24,1]
[13,3]->[14,0]
[6,4]->[7,3]
[10,1]->[11,3]
[13,0]->[14,1]
[23,0]->[24,0]
[2,2]->[3,4]
[5,4]->[6,4]
[22,0]->[23,0]
[8,1]->[9,4]
[20,1]->[21,3]
[5,2]->[6,0]
[13,4]->[14,4]
[6,0]->[7,1]
[3,2]->[4,2]
[9,1]->[10,2]
[16,0]->[17,3]
[9,4]->[10,0]
[B-5601]->[0,0]
[4,0]->[5,2]
[8,0]->[9,2]
[2,3]->[3,1]
[5,1]->[6,3]
[9,3]->[10,1]
[23,4]->[24,4]
[4,1]->[5,0]
[16,2]->[17,2]
[4,2]->[5,4]
[9,0]->[10,3]
[7,4]->[8,3]
====================
[E-5618]->[?]
%%%%%%%%%%%%%%%%%%%%%%%%%%%%%%%%%%%%%%%%%%%%%%%%%%%%%%%%%%%%%%%%%%
[8,7]->[9,3]
[11,6]->[12,3]
[6,8]->[7,4]
[3,3]->[4,3]
[9,3]->[10,4]
[8,1]->[9,8]
[10,7]->[11,3]
[7,7]->[8,5]
[2,0]->[3,0]
[3,5]->[4,4]
[12,2]->[13,1]
[9,0]->[10,5]
[5,0]->[6,4]
[9,4]->[10,2]
[0,8]->[1,4]
[4,6]->[5,7]
[4,5]->[5,3]
[0,5]->[1,6]
[14,6]->[15,2]
[13,8]->[14,1]
[2,8]->[3,3]
[6,2]->[7,8]
[D-3656]->[0,5]
[15,7]->[16,6]
[3,2]->[4,0]
[7,4]->[8,8]
[9,8]->[10,8]
[3,8]->[4,7]
[10,1]->[11,6]
[13,6]->[14,3]
[5,6]->[6,8]
[12,0]->[13,5]
[4,4]->[5,2]
[11,4]->[12,7]
[4,1]->[5,5]
[C-4464]->[0,6]
[7,1]->[8,4]
[0,7]->[1,3]
[1,4]->[2,8]
[2,2]->[3,8]
[11,8]->[12,4]
[14,8]->[15,3]
[9,5]->[10,7]
[10,0]->[11,1]
[1,1]->[2,7]
[C-4728]->[0,2]
[0,1]->[1,5]
[F-7186]->[0,8]
[2,7]->[3,5]
[2,1]->[3,1]
[0,4]->[1,1]
[12,4]->[13,2]
[D-2536]->[0,3]
[13,5]->[14,2]
[10,6]->[11,4]
[8,3]->[9,0]
[9,7]->[10,3]
[3,1]->[4,1]
[5,5]->[6,5]
[9,1]->[10,0]
[11,2]->[12,0]
[A-5816]->[0,1]
[1,3]->[2,5]
[15,1]->[16,4]
[6,7]->[7,6]
[15,5]->[16,7]
[11,1]->[12,5]
[7,0]->[8,6]
[10,3]->[11,0]
[1,8]->[2,6]
[6,5]->[7,7]
[5,1]->[6,2]
[14,5]->[15,8]
[11,7]->[12,1]
[15,4]->[16,0]
[B-7406]->[0,0]
[B-3640]->[0,4]
[3,6]->[4,2]
[7,2]->[8,3]
[1,7]->[2,4]
[15,3]->[16,1]
[13,1]->[14,5]
[12,3]->[13,7]
[3,7]->[4,6]
[11,3]->[12,8]
[6,1]->[7,1]
[4,0]->[5,6]
[15,6]->[16,8]
[0,0]->[1,7]
[1,6]->[2,0]
[5,3]->[6,0]
[B-0173]->[0,7]
[8,5]->[9,4]
[7,6]->[8,1]
[12,5]->[13,8]
[13,7]->[14,8]
[10,2]->[11,2]
[1,5]->[2,2]
[7,8]->[8,7]
[6,3]->[7,3]
[4,7]->[5,4]
[15,2]->[16,2]
[9,6]->[10,6]
[14,7]->[15,0]
[4,3]->[5,8]
[10,5]->[11,5]
[13,4]->[14,4]
[8,6]->[9,1]
[7,5]->[8,0]
[2,5]->[3,2]
[6,4]->[7,0]
[5,8]->[6,7]
[6,0]->[7,5]
[5,2]->[6,1]
[12,6]->[13,0]
[2,3]->[3,6]
[13,3]->[14,6]
[8,4]->[9,7]
[2,6]->[3,4]
[15,0]->[16,5]
[12,8]->[13,6]
[10,4]->[11,8]
[2,4]->[3,7]
[14,0]->[15,6]
[11,5]->[12,2]
[1,0]->[2,3]
[14,3]->[15,4]
[1,2]->[2,1]
[9,2]->[10,1]
[15,8]->[16,3]
[4,8]->[5,0]
[11,0]->[12,6]
[14,2]->[15,7]
[3,4]->[4,5]
[8,2]->[9,2]
[3,0]->[4,8]
[12,1]->[13,3]
[0,3]->[1,0]
[0,6]->[1,8]
[8,8]->[9,6]
[5,7]->[6,6]
[14,1]->[15,1]
[12,7]->[13,4]
[0,2]->[1,2]
[7,3]->[8,2]
[14,4]->[15,5]
[6,6]->[7,2]
[13,2]->[14,0]
[5,4]->[6,3]
[13,0]->[14,7]
[8,0]->[9,5]
[4,2]->[5,1]
[10,8]->[11,7]
====================
[B-0173]->[?]
%%%%%%%%%%%%%%%%%%%%%%%%%%%%%%%%%%%%%%%%%%%%%%%%%%%%%%%%%%%%%%%%%%
[9,0]->[10,0]
[9,2]->[10,3]
[8,2]->[9,2]
[9,5]->[10,5]
[0,3]->[1,5]
[7,5]->[8,2]
[2,4]->[3,4]
[6,6]->[7,0]
[4,1]->[5,6]
[8,1]->[9,5]
[9,6]->[10,1]
[8,3]->[9,6]
[B-5836]->[0,3]
[1,5]->[2,6]
[7,2]->[8,6]
[4,5]->[5,5]
[9,1]->[10,2]
[3,4]->[4,2]
[6,1]->[7,5]
[0,5]->[1,2]
[6,4]->[7,4]
[5,0]->[6,4]
[6,0]->[7,1]
[1,4]->[2,0]
[0,2]->[1,6]
[5,6]->[6,2]
[D-6647]->[0,4]
[2,0]->[3,5]
[7,1]->[8,4]
[0,4]->[1,0]
[3,5]->[4,5]
[C-4352]->[0,5]
[4,3]->[5,1]
[5,1]->[6,0]
[4,2]->[5,4]
[1,1]->[2,3]
[6,2]->[7,2]
[7,0]->[8,5]
[3,0]->[4,6]
[8,5]->[9,4]
[4,4]->[5,2]
[7,3]->[8,1]
[5,5]->[6,5]
[2,3]->[3,6]
[7,6]->[8,3]
[3,6]->[4,3]
[2,2]->[3,3]
[1,2]->[2,4]
[5,2]->[6,1]
[1,3]->[2,5]
[E-3064]->[0,6]
[5,4]->[6,3]
[2,5]->[3,0]
[C-2601]->[0,0]
[0,1]->[1,4]
[8,0]->[9,3]
[6,5]->[7,3]
[8,4]->[9,0]
[5,3]->[6,6]
[9,3]->[10,4]
[B-3012]->[0,1]
[7,4]->[8,0]
[2,6]->[3,1]
[9,4]->[10,6]
[A-6626]->[0,2]
[3,2]->[4,1]
[6,3]->[7,6]
[3,3]->[4,0]
[2,1]->[3,2]
[4,6]->[5,0]
[1,6]->[2,1]
[0,6]->[1,1]
[4,0]->[5,3]
[8,6]->[9,1]
[0,0]->[1,3]
[3,1]->[4,4]
[1,0]->[2,2]
====================
[A-6626]->[?]
%%%%%%%%%%%%%%%%%%%%%%%%%%%%%%%%%%%%%%%%%%%%%%%%%%%%%%%%%%%%%%%%%%
[1,5]->[2,5]
[4,4]->[5,4]
[10,1]->[11,2]
[17,3]->[18,6]
[16,0]->[17,6]
[A-4505]->[0,0]
[0,0]->[1,7]
[E-7537]->[0,3]
[0,4]->[1,5]
[11,2]->[12,6]
[3,6]->[4,1]
[18,2]->[19,5]
[13,3]->[14,7]
[5,7]->[6,5]
[4,7]->[5,0]
[10,6]->[11,1]
[3,2]->[4,0]
[12,1]->[13,0]
[17,5]->[18,4]
[3,1]->[4,6]
[8,0]->[9,6]
[18,3]->[19,4]
[11,1]->[12,0]
[4,2]->[5,5]
[8,2]->[9,7]
[A-6177]->[0,7]
[7,5]->[8,7]
[14,6]->[15,7]
[5,6]->[6,0]
[18,1]->[19,3]
[14,5]->[15,2]
[1,2]->[2,6]
[17,2]->[18,2]
[9,2]->[10,7]
[C-6822]->[0,2]
[16,7]->[17,7]
[16,6]->[17,4]
[0,2]->[1,0]
[1,7]->[2,7]
[7,0]->[8,1]
[5,1]->[6,3]
[13,1]->[14,3]
[15,7]->[16,4]
[3,7]->[4,4]
[8,1]->[9,2]
[11,4]->[12,2]
[14,0]->[15,3]
[11,6]->[12,4]
[11,5]->[12,7]
[6,3]->[7,6]
[12,2]->[13,2]
[14,2]->[15,4]
[6,7]->[7,0]
[3,3]->[4,7]
[1,0]->[2,1]
[2,3]->[3,4]
[3,5]->[4,5]
[6,2]->[7,3]
[8,3]->[9,1]
[2,1]->[3,1]
[18,7]->[19,6]
[F-7614]->[0,1]
[11,7]->[12,1]
[12,6]->[13,5]
[7,2]->[8,5]
[2,5]->[3,7]
[2,6]->[3,0]
[14,1]->[15,0]
[10,0]->[11,5]
[0,3]->[1,1]
[16,1]->[17,3]
[12,7]->[13,7]
[9,7]->[10,2]
[6,5]->[7,1]
[14,7]->[15,1]
[12,5]->[13,6]
[15,5]->[16,2]
[17,0]->[18,1]
[10,3]->[11,3]
[12,0]->[13,4]
[18,6]->[19,2]
[A-0547]->[0,4]
[13,7]->[14,5]
[7,6]->[8,4]
[13,4]->[14,4]
[13,6]->[14,2]
[16,5]->[17,0]
[1,6]->[2,3]
[0,1]->[1,6]
[9,4]->[10,4]
[5,5]->[6,4]
[0,5]->[1,2]
[18,4]->[19,1]
[1,3]->[2,2]
[5,4]->[6,2]
[17,4]->[18,5]
[8,6]->[9,0]
[13,0]->[14,6]
[12,3]->[13,1]
[17,1]->[18,0]
[2,4]->[3,2]
[3,4]->[4,3]
[9,5]->[10,3]
[4,3]->[5,2]
[2,2]->[3,3]
[11,0]->[12,3]
[A-7162]->[0,6]
[6,4]->[7,2]
[15,4]->[16,5]
[17,6]->[18,7]
[15,1]->[16,7]
[11,3]->[12,5]
[10,7]->[11,0]
[1,1]->[2,4]
[6,1]->[7,7]
[8,5]->[9,5]
[0,7]->[1,4]
[7,3]->[8,0]
[18,0]->[19,7]
[7,7]->[8,2]
[5,3]->[6,1]
[4,0]->[5,1]
[16,2]->[17,2]
[2,7]->[3,6]
[18,5]->[19,0]
[7,4]->[8,3]
[13,2]->[14,1]
[4,5]->[5,3]
[9,6]->[10,1]
[10,4]->[11,7]
[9,3]->[10,5]
[8,4]->[9,4]
[16,3]->[17,5]
[8,7]->[9,3]
[7,1]->[8,6]
[17,7]->[18,3]
[4,6]->[5,6]
[15,3]->[16,0]
[4,1]->[5,7]
[16,4]->[17,1]
[9,0]->[10,0]
[2,0]->[3,5]
[15,2]->[16,3]
[6,0]->[7,5]
[9,1]->[10,6]
[6,6]->[7,4]
[15,0]->[16,6]
[3,0]->[4,2]
[12,4]->[13,3]
[B-2155]->[0,5]
[1,4]->[2,0]
[14,4]->[15,5]
[5,2]->[6,7]
[5,0]->[6,6]
[13,5]->[14,0]
[15,6]->[16,1]
[10,2]->[11,6]
[0,6]->[1,3]
[10,5]->[11,4]
[14,3]->[15,6]
====================
[A-4505]->[?]
%%%%%%%%%%%%%%%%%%%%%%%%%%%%%%%%%%%%%%%%%%%%%%%%%%%%%%%%%%%%%%%%%%
[8,3]->[9,1]
[4,7]->[5,5]
[9,4]->[10,2]
[5,0]->[6,2]
[4,5]->[5,1]
[1,3]->[2,3]
[13,6]->[14,3]
[0,7]->[1,7]
[0,5]->[1,0]
[7,2]->[8,1]
[7,4]->[8,3]
[7,0]->[8,4]
[0,6]->[1,5]
[7,1]->[8,6]
[2,1]->[3,6]
[F-5505]->[0,0]
[12,2]->[13,1]
[13,0]->[14,2]
[1,0]->[2,4]
[E-0216]->[0,1]
[11,4]->[12,4]
[0,1]->[1,6]
[A-1322]->[0,2]
[11,2]->[12,3]
[9,0]->[10,6]
[7,3]->[8,0]
[9,3]->[10,1]
[10,5]->[11,4]
[11,6]->[12,7]
[8,4]->[9,2]
[1,5]->[2,2]
[13,4]->[14,4]
[1,6]->[2,5]
[2,5]->[3,7]
[10,2]->[11,3]
[13,5]->[14,5]
[1,1]->[2,6]
[6,5]->[7,6]
[9,1]->[10,7]
[B-1538]->[0,3]
[8,6]->[9,4]
[0,4]->[1,2]
[1,2]->[2,1]
[5,4]->[6,5]
[0,3]->[1,3]
[5,1]->[6,1]
[7,6]->[8,7]
[12,5]->[13,7]
[5,7]->[6,3]
[13,7]->[14,1]
[4,4]->[5,6]
[5,3]->[6,6]
[4,0]->[5,0]
[3,2]->[4,3]
[2,4]->[3,1]
[D-8574]->[0,7]
[2,6]->[3,3]
[3,4]->[4,1]
[7,5]->[8,5]
[12,0]->[13,0]
[13,2]->[14,0]
[12,7]->[13,4]
[2,2]->[3,5]
[6,7]->[7,7]
[3,1]->[4,4]
[11,0]->[12,5]
[8,5]->[9,3]
[1,4]->[2,0]
[3,3]->[4,6]
[9,2]->[10,3]
[6,6]->[7,1]
[11,3]->[12,1]
[10,1]->[11,1]
[3,7]->[4,7]
[4,6]->[5,4]
[8,1]->[9,6]
[8,7]->[9,5]
[E-5161]->[0,6]
[3,6]->[4,2]
[8,0]->[9,0]
[13,3]->[14,7]
[9,6]->[10,0]
[C-3441]->[0,4]
[8,2]->[9,7]
[5,6]->[6,0]
[3,5]->[4,0]
[6,3]->[7,0]
[B-3152]->[0,5]
[0,0]->[1,1]
[2,0]->[3,4]
[1,7]->[2,7]
[4,3]->[5,2]
[6,4]->[7,2]
[5,5]->[6,4]
[12,1]->[13,2]
[6,0]->[7,5]
[6,2]->[7,4]
[4,2]->[5,3]
[13,1]->[14,6]
[12,3]->[13,3]
[7,7]->[8,2]
[6,1]->[7,3]
[0,2]->[1,4]
[3,0]->[4,5]
[11,7]->[12,0]
[10,7]->[11,7]
[9,7]->[10,4]
[2,7]->[3,2]
[9,5]->[10,5]
[10,0]->[11,6]
[2,3]->[3,0]
[10,4]->[11,2]
[12,4]->[13,6]
[11,5]->[12,6]
[10,6]->[11,5]
[11,1]->[12,2]
[4,1]->[5,7]
[10,3]->[11,0]
[12,6]->[13,5]
[5,2]->[6,7]
====================
[B-1538]->[?]
%%%%%%%%%%%%%%%%%%%%%%%%%%%%%%%%%%%%%%%%%%%%%%%%%%%%%%%%%%%%%%%%%%
[11,6]->[12,3]
[4,1]->[5,4]
[8,7]->[9,8]
[5,3]->[6,1]
[7,8]->[8,0]
[2,3]->[3,4]
[1,6]->[2,1]
[9,7]->[10,1]
[A-2672]->[0,7]
[10,2]->[11,3]
[5,5]->[6,2]
[7,1]->[8,6]
[4,3]->[5,1]
[8,2]->[9,0]
[10,5]->[11,8]
[3,8]->[4,0]
[5,2]->[6,6]
[7,2]->[8,2]
[1,4]->[2,5]
[5,6]->[6,8]
[D-3045]->[0,4]
[4,8]->[5,0]
[11,4]->[12,8]
[6,4]->[7,6]
[3,4]->[4,5]
[11,8]->[12,0]
[0,5]->[1,7]
[10,6]->[11,4]
[C-1026]->[0,2]
[5,8]->[6,7]
[8,1]->[9,3]
[2,5]->[3,3]
[10,0]->[11,2]
[0,7]->[1,6]
[2,0]->[3,7]
[6,5]->[7,1]
[9,4]->[10,3]
[8,3]->[9,6]
[7,3]->[8,8]
[2,2]->[3,8]
[B-5431]->[0,3]
[3,0]->[4,4]
[10,7]->[11,1]
[C-0861]->[0,6]
[9,1]->[10,2]
[1,5]->[2,3]
[9,6]->[10,8]
[3,2]->[4,3]
[0,0]->[1,8]
[0,3]->[1,0]
[6,0]->[7,0]
[5,4]->[6,0]
[8,4]->[9,4]
[1,2]->[2,4]
[7,7]->[8,7]
[0,2]->[1,3]
[8,0]->[9,5]
[4,2]->[5,3]
[5,7]->[6,4]
[8,6]->[9,7]
[11,3]->[12,4]
[B-1253]->[0,5]
[6,7]->[7,5]
[4,0]->[5,2]
[7,6]->[8,5]
[3,5]->[4,2]
[11,2]->[12,6]
[9,5]->[10,7]
[5,1]->[6,5]
[2,4]->[3,6]
[3,6]->[4,1]
[3,3]->[4,7]
[0,1]->[1,5]
[0,6]->[1,4]
[E-4501]->[0,0]
[10,4]->[11,5]
[2,7]->[3,5]
[11,5]->[12,2]
[8,5]->[9,2]
[2,8]->[3,1]
[9,0]->[10,6]
[9,8]->[10,4]
[9,2]->[10,5]
[10,8]->[11,6]
[4,5]->[5,7]
[C-8516]->[0,1]
[1,3]->[2,7]
[0,8]->[1,1]
[4,4]->[5,5]
[4,7]->[5,6]
[3,7]->[4,8]
[6,1]->[7,7]
[5,0]->[6,3]
[7,5]->[8,3]
[10,3]->[11,0]
[2,1]->[3,2]
[10,1]->[11,7]
[1,8]->[2,0]
[B-5680]->[0,8]
[0,4]->[1,2]
[3,1]->[4,6]
[9,3]->[10,0]
[11,1]->[12,1]
[6,3]->[7,4]
[1,7]->[2,8]
[11,0]->[12,7]
[6,8]->[7,3]
[1,0]->[2,2]
[2,6]->[3,0]
[7,0]->[8,4]
[11,7]->[12,5]
[1,1]->[2,6]
[6,6]->[7,8]
[6,2]->[7,2]
[4,6]->[5,8]
[8,8]->[9,1]
[7,4]->[8,1]
====================
[D-3045]->[?]
%%%%%%%%%%%%%%%%%%%%%%%%%%%%%%%%%%%%%%%%%%%%%%%%%%%%%%%%%%%%%%%%%%
[4,2]->[5,1]
[12,6]->[13,4]
[9,1]->[10,4]
[12,1]->[13,6]
[F-0671]->[0,7]
[5,3]->[6,1]
[1,1]->[2,0]
[6,3]->[7,3]
[12,2]->[13,0]
[3,7]->[4,3]
[4,1]->[5,2]
[9,4]->[10,2]
[9,0]->[10,6]
[4,5]->[5,5]
[0,3]->[1,0]
[0,2]->[1,4]
[8,5]->[9,7]
[3,6]->[4,0]
[1,2]->[2,3]
[10,0]->[11,0]
[0,5]->[1,3]
[8,7]->[9,2]
[13,5]->[14,0]
[4,0]->[5,4]
[3,1]->[4,6]
[9,3]->[10,0]
[E-0861]->[0,6]
[7,7]->[8,1]
[D-7512]->[0,1]
[3,4]->[4,4]
[6,5]->[7,0]
[5,6]->[6,4]
[2,0]->[3,6]
[2,3]->[3,4]
[12,4]->[13,3]
[2,1]->[3,3]
[2,6]->[3,0]
[1,0]->[2,4]
[7,0]->[8,2]
[1,6]->[2,2]
[10,6]->[11,5]
[13,4]->[14,6]
[11,5]->[12,4]
[A-7337]->[0,3]
[5,2]->[6,0]
[4,6]->[5,0]
[2,5]->[3,5]
[5,0]->[6,2]
[6,2]->[7,6]
[12,5]->[13,7]
[5,4]->[6,7]
[6,0]->[7,1]
[8,4]->[9,5]
[3,0]->[4,7]
[1,5]->[2,5]
[8,2]->[9,3]
[13,0]->[14,3]
[2,4]->[3,7]
[8,1]->[9,0]
[E-1122]->[0,2]
[12,7]->[13,2]
[9,5]->[10,5]
[13,7]->[14,5]
[3,2]->[4,1]
[2,2]->[3,1]
[10,5]->[11,6]
[7,6]->[8,6]
[12,0]->[13,1]
[A-0043]->[0,4]
[3,3]->[4,5]
[6,7]->[7,5]
[4,7]->[5,7]
[8,3]->[9,4]
[0,6]->[1,6]
[11,2]->[12,2]
[C-2707]->[0,0]
[9,2]->[10,3]
[1,4]->[2,1]
[11,6]->[12,7]
[12,3]->[13,5]
[11,0]->[12,6]
[2,7]->[3,2]
[5,5]->[6,3]
[5,1]->[6,5]
[8,0]->[9,6]
[7,2]->[8,5]
[6,6]->[7,4]
[3,5]->[4,2]
[13,3]->[14,7]
[4,3]->[5,6]
[6,4]->[7,2]
[10,7]->[11,7]
[13,1]->[14,2]
[6,1]->[7,7]
[4,4]->[5,3]
[7,4]->[8,0]
[10,4]->[11,3]
[11,3]->[12,0]
[8,6]->[9,1]
[10,3]->[11,4]
[13,6]->[14,1]
[F-1750]->[0,5]
[7,5]->[8,7]
[7,3]->[8,3]
[13,2]->[14,4]
[0,4]->[1,1]
[9,6]->[10,1]
[10,1]->[11,2]
[11,1]->[12,3]
[5,7]->[6,6]
[11,4]->[12,5]
[10,2]->[11,1]
[11,7]->[12,1]
[0,7]->[1,2]
[1,7]->[2,7]
[1,3]->[2,6]
[0,1]->[1,7]
[7,1]->[8,4]
[9,7]->[10,7]
[0,0]->[1,5]
====================
[A-7337]->[?]
%%%%%%%%%%%%%%%%%%%%%%%%%%%%%%%%%%%%%%%%%%%%%%%%%%%%%%%%%%%%%%%%%%
[8,2]->[9,5]
[16,1]->[17,1]
[15,4]->[16,1]
[7,0]->[8,3]
[0,3]->[1,2]
[21,2]->[22,0]
[10,2]->[11,2]
[12,2]->[13,5]
[8,1]->[9,1]
[21,3]->[22,5]
[0,5]->[1,5]
[6,3]->[7,0]
[14,3]->[15,2]
[6,0]->[7,3]
[1,5]->[2,4]
[6,4]->[7,5]
[17,2]->[18,0]
[1,0]->[2,5]
[12,5]->[13,4]
[7,1]->[8,5]
[20,5]->[21,2]
[21,1]->[22,1]
[0,2]->[1,0]
[4,3]->[5,2]
[20,1]->[21,5]
[5,4]->[6,5]
[1,2]->[2,3]
[14,2]->[15,0]
[14,5]->[15,1]
[10,0]->[11,1]
[22,3]->[23,5]
[7,5]->[8,4]
[10,3]->[11,3]
[7,2]->[8,0]
[4,0]->[5,3]
[8,3]->[9,2]
[20,4]->[21,1]
[11,2]->[12,5]
[20,3]->[21,0]
[6,5]->[7,1]
[18,3]->[19,1]
[15,5]->[16,0]
[6,1]->[7,4]
[14,0]->[15,4]
[7,3]->[8,2]
[5,2]->[6,3]
[16,0]->[17,4]
[2,1]->[3,1]
[11,5]->[12,3]
[22,1]->[23,3]
[11,3]->[12,2]
[4,4]->[5,1]
[5,1]->[6,2]
[12,4]->[13,3]
[17,5]->[18,1]
[16,5]->[17,5]
[19,1]->[20,2]
[E-3234]->[0,3]
[9,3]->[10,5]
[3,3]->[4,3]
[5,3]->[6,1]
[4,5]->[5,0]
[13,1]->[14,3]
[3,4]->[4,2]
[19,2]->[20,3]
[11,4]->[12,0]
[0,1]->[1,3]
[14,4]->[15,3]
[9,4]->[10,3]
[22,4]->[23,2]
[10,5]->[11,5]
[16,2]->[17,0]
[9,5]->[10,2]
[5,0]->[6,4]
[16,3]->[17,2]
[17,3]->[18,3]
[15,2]->[16,2]
[18,1]->[19,4]
[18,0]->[19,0]
[22,2]->[23,4]
[12,3]->[13,2]
[19,5]->[20,1]
[9,1]->[10,1]
[3,2]->[4,1]
[13,3]->[14,2]
[14,1]->[15,5]
[7,4]->[8,1]
[5,5]->[6,0]
[9,0]->[10,4]
[13,5]->[14,0]
[21,5]->[22,3]
[21,4]->[22,2]
[9,2]->[10,0]
[19,3]->[20,5]
[20,0]->[21,3]
[15,3]->[16,3]
[13,2]->[14,4]
[3,0]->[4,4]
[11,1]->[12,1]
[22,0]->[23,1]
[3,1]->[4,0]
[2,0]->[3,5]
[1,3]->[2,1]
[13,0]->[14,5]
[E-2623]->[0,2]
[21,0]->[22,4]
[4,2]->[5,5]
[17,1]->[18,5]
[6,2]->[7,2]
[22,5]->[23,0]
[15,0]->[16,4]
[2,3]->[3,2]
[19,4]->[20,0]
[2,5]->[3,4]
[20,2]->[21,4]
[B-5252]->[0,5]
[8,0]->[9,0]
[10,1]->[11,0]
[1,4]->[2,2]
[18,4]->[19,3]
[13,4]->[14,1]
[12,0]->[13,0]
[10,4]->[11,4]
[16,4]->[17,3]
[2,2]->[3,3]
[2,4]->[3,0]
[1,1]->[2,0]
[11,0]->[12,4]
[8,4]->[9,3]
[3,5]->[4,5]
[17,0]->[18,2]
[E-2512]->[0,1]
[18,5]->[19,2]
[12,1]->[13,1]
[0,4]->[1,1]
[A-1845]->[0,4]
[17,4]->[18,4]
[15,1]->[16,5]
[B-1805]->[0,0]
[4,1]->[5,4]
[19,0]->[20,4]
[0,0]->[1,4]
[18,2]->[19,5]
[8,5]->[9,4]
====================
[A-1845]->[?]
%%%%%%%%%%%%%%%%%%%%%%%%%%%%%%%%%%%%%%%%%%%%%%%%%%%%%%%%%%%%%%%%%%
[5,6]->[6,7]
[0,0]->[1,0]
[6,7]->[7,5]
[7,5]->[8,5]
[9,0]->[10,3]
[4,4]->[5,6]
[5,5]->[6,4]
[9,6]->[10,2]
[1,7]->[2,2]
[F-3206]->[0,0]
[8,4]->[9,7]
[0,2]->[1,7]
[13,7]->[14,4]
[B-7743]->[0,4]
[13,0]->[14,1]
[4,5]->[5,0]
[3,4]->[4,2]
[10,0]->[11,4]
[11,0]->[12,4]
[8,0]->[9,0]
[6,0]->[7,3]
[13,4]->[14,3]
[0,1]->[1,3]
[7,0]->[8,4]
[5,4]->[6,2]
[11,4]->[12,1]
[11,3]->[12,7]
[2,3]->[3,4]
[3,6]->[4,0]
[7,6]->[8,1]
[1,5]->[2,0]
[11,2]->[12,5]
[B-1670]->[0,7]
[10,6]->[11,3]
[11,1]->[12,6]
[3,5]->[4,3]
[10,1]->[11,0]
[5,2]->[6,5]
[F-6623]->[0,2]
[3,1]->[4,7]
[0,5]->[1,2]
[5,1]->[6,6]
[2,7]->[3,7]
[1,1]->[2,3]
[10,2]->[11,6]
[1,4]->[2,6]
[2,0]->[3,5]
[7,1]->[8,7]
[9,4]->[10,7]
[4,6]->[5,5]
[4,1]->[5,4]
[11,6]->[12,3]
[9,3]->[10,5]
[13,6]->[14,7]
[5,3]->[6,3]
[8,1]->[9,2]
[D-8150]->[0,5]
[0,7]->[1,1]
[7,7]->[8,3]
[13,5]->[14,6]
[8,5]->[9,5]
[8,2]->[9,1]
[4,7]->[5,7]
[2,5]->[3,6]
[2,1]->[3,3]
[4,0]->[5,3]
[2,2]->[3,0]
[8,6]->[9,4]
[4,3]->[5,1]
[C-5334]->[0,3]
[7,2]->[8,2]
[12,4]->[13,3]
[8,7]->[9,6]
[4,2]->[5,2]
[10,5]->[11,5]
[3,2]->[4,5]
[6,5]->[7,4]
[11,7]->[12,2]
[13,1]->[14,2]
[9,7]->[10,4]
[6,1]->[7,1]
[0,6]->[1,5]
[6,2]->[7,2]
[6,4]->[7,0]
[9,2]->[10,6]
[13,2]->[14,0]
[1,6]->[2,7]
[11,5]->[12,0]
[0,4]->[1,6]
[10,4]->[11,7]
[3,7]->[4,4]
[2,6]->[3,2]
[3,3]->[4,6]
[5,7]->[6,1]
[6,3]->[7,7]
[0,3]->[1,4]
[12,6]->[13,0]
[5,0]->[6,0]
[1,3]->[2,4]
[13,3]->[14,5]
[12,7]->[13,2]
[9,5]->[10,1]
[3,0]->[4,1]
[8,3]->[9,3]
[1,0]->[2,1]
[7,4]->[8,6]
[12,1]->[13,6]
[12,5]->[13,4]
[9,1]->[10,0]
[10,7]->[11,1]
[F-0766]->[0,6]
[10,3]->[11,2]
[12,0]->[13,1]
[7,3]->[8,0]
[12,2]->[13,5]
[E-0711]->[0,1]
[6,6]->[7,6]
[1,2]->[2,5]
[12,3]->[13,7]
[2,4]->[3,1]
====================
[F-3206]->[?]
%%%%%%%%%%%%%%%%%%%%%%%%%%%%%%%%%%%%%%%%%%%%%%%%%%%%%%%%%%%%%%%%%%
[16,0]->[17,1]
[12,2]->[13,0]
[9,4]->[10,0]
[0,2]->[1,1]
[18,3]->[19,0]
[10,0]->[11,2]
[11,3]->[12,0]
[10,4]->[11,1]
[23,4]->[24,2]
[20,3]->[21,2]
[20,1]->[21,1]
[7,0]->[8,4]
[B-5108]->[0,0]
[18,1]->[19,3]
[3,1]->[4,2]
[6,1]->[7,1]
[C-4631]->[0,3]
[14,1]->[15,2]
[7,3]->[8,1]
[22,4]->[23,4]
[9,3]->[10,1]
[4,4]->[5,4]
[19,1]->[20,0]
[5,2]->[6,4]
[20,0]->[21,4]
[1,0]->[2,2]
[A-3521]->[0,2]
[4,2]->[5,1]
[14,4]->[15,4]
[5,4]->[6,0]
[13,2]->[14,3]
[19,3]->[20,2]
[9,1]->[10,2]
[6,3]->[7,0]
[21,4]->[22,2]
[22,0]->[23,3]
[6,2]->[7,4]
[23,1]->[24,3]
[3,0]->[4,3]
[1,2]->[2,1]
[14,3]->[15,0]
[21,2]->[22,3]
[16,4]->[17,2]
[2,3]->[3,2]
[23,3]->[24,0]
[21,1]->[22,0]
[3,3]->[4,0]
[11,1]->[12,2]
[8,4]->[9,0]
[7,1]->[8,2]
[8,3]->[9,4]
[10,2]->[11,3]
[E-8344]->[0,4]
[1,3]->[2,3]
[2,4]->[3,0]
[18,4]->[19,4]
[2,2]->[3,3]
[14,2]->[15,3]
[13,3]->[14,0]
[5,3]->[6,2]
[15,1]->[16,4]
[1,1]->[2,0]
[22,3]->[23,2]
[15,0]->[16,3]
[18,2]->[19,2]
[14,0]->[15,1]
[11,0]->[12,3]
[8,0]->[9,2]
[15,3]->[16,0]
[20,4]->[21,0]
[23,2]->[24,1]
[13,1]->[14,1]
[5,0]->[6,1]
[22,2]->[23,1]
[15,4]->[16,2]
[17,2]->[18,4]
[13,4]->[14,4]
[17,3]->[18,3]
[10,1]->[11,0]
[2,0]->[3,1]
[16,2]->[17,3]
[17,4]->[18,1]
[18,0]->[19,1]
[21,3]->[22,1]
[2,1]->[3,4]
[12,3]->[13,3]
[4,3]->[5,0]
[12,1]->[13,1]
[0,3]->[1,3]
[4,1]->[5,3]
[20,2]->[21,3]
[F-4210]->[0,1]
[12,0]->[13,4]
[1,4]->[2,4]
[3,4]->[4,1]
[5,1]->[6,3]
[16,1]->[17,0]
[6,4]->[7,3]
[12,4]->[13,2]
[16,3]->[17,4]
[15,2]->[16,1]
[21,0]->[22,4]
[4,0]->[5,2]
[13,0]->[14,2]
[19,0]->[20,4]
[22,1]->[23,0]
[0,4]->[1,0]
[7,4]->[8,3]
[3,2]->[4,4]
[19,4]->[20,1]
[8,2]->[9,1]
[11,2]->[12,1]
[23,0]->[24,4]
[10,3]->[11,4]
[19,2]->[20,3]
[11,4]->[12,4]
[9,0]->[10,4]
[8,1]->[9,3]
[0,1]->[1,2]
[6,0]->[7,2]
[0,0]->[1,4]
[7,2]->[8,0]
[17,0]->[18,0]
[9,2]->[10,3]
[17,1]->[18,2]
====================
[C-4631]->[?]
%%%%%%%%%%%%%%%%%%%%%%%%%%%%%%%%%%%%%%%%%%%%%%%%%%%%%%%%%%%%%%%%%%
[2,2]->[3,5]
[E-3226]->[0,2]
[6,4]->[7,3]
[8,2]->[9,4]
[7,1]->[8,3]
[2,3]->[3,7]
[12,3]->[13,7]
[0,2]->[1,4]
[9,6]->[10,4]
[11,0]->[12,1]
[9,0]->[10,0]
[8,3]->[9,5]
[14,1]->[15,6]
[13,3]->[14,3]
[3,5]->[4,4]
[14,6]->[15,7]
[9,7]->[10,1]
[A-0051]->[0,5]
[8,7]->[9,0]
[0,5]->[1,3]
[6,5]->[7,4]
[4,5]->[5,3]
[1,4]->[2,2]
[B-0614]->[0,1]
[2,7]->[3,6]
[3,3]->[4,5]
[6,3]->[7,5]
[2,1]->[3,3]
[12,0]->[13,0]
[0,4]->[1,0]
[0,0]->[1,6]
[3,6]->[4,6]
[3,7]->[4,3]
[9,1]->[10,5]
[4,7]->[5,4]
[5,5]->[6,5]
[1,0]->[2,4]
[14,7]->[15,2]
[0,3]->[1,2]
[E-8406]->[0,0]
[2,0]->[3,4]
[12,1]->[13,1]
[8,0]->[9,3]
[14,3]->[15,3]
[9,3]->[10,6]
[8,4]->[9,2]
[1,1]->[2,5]
[7,6]->[8,1]
[5,3]->[6,0]
[14,4]->[15,5]
[E-4846]->[0,4]
[0,6]->[1,1]
[6,6]->[7,7]
[11,1]->[12,4]
[13,0]->[14,6]
[0,1]->[1,5]
[5,1]->[6,2]
[10,0]->[11,3]
[14,5]->[15,4]
[1,6]->[2,0]
[2,6]->[3,2]
[5,4]->[6,1]
[2,5]->[3,0]
[6,1]->[7,2]
[1,5]->[2,6]
[4,3]->[5,6]
[1,7]->[2,3]
[4,6]->[5,7]
[13,4]->[14,4]
[12,5]->[13,4]
[11,2]->[12,5]
[11,4]->[12,7]
[7,0]->[8,2]
[5,2]->[6,4]
[12,4]->[13,5]
[9,4]->[10,2]
[10,1]->[11,7]
[5,6]->[6,6]
[1,2]->[2,1]
[2,4]->[3,1]
[7,3]->[8,4]
[3,2]->[4,1]
[3,0]->[4,0]
[11,3]->[12,3]
[10,4]->[11,2]
[5,7]->[6,7]
[10,7]->[11,1]
[C-7036]->[0,3]
[14,2]->[15,0]
[7,5]->[8,7]
[8,6]->[9,7]
[F-2362]->[0,6]
[13,6]->[14,5]
[8,1]->[9,1]
[3,4]->[4,2]
[12,6]->[13,2]
[7,4]->[8,5]
[6,2]->[7,0]
[11,6]->[12,0]
[0,7]->[1,7]
[10,5]->[11,0]
[10,6]->[11,5]
[12,2]->[13,6]
[4,2]->[5,2]
[13,5]->[14,0]
[4,4]->[5,1]
[11,7]->[12,6]
[11,5]->[12,2]
[13,7]->[14,2]
[4,1]->[5,5]
[12,7]->[13,3]
[14,0]->[15,1]
[10,2]->[11,4]
[10,3]->[11,6]
[3,1]->[4,7]
[6,0]->[7,1]
[13,1]->[14,1]
[7,2]->[8,0]
[1,3]->[2,7]
[6,7]->[7,6]
[13,2]->[14,7]
[9,2]->[10,7]
[9,5]->[10,3]
[4,0]->[5,0]
[B-0673]->[0,7]
[8,5]->[9,6]
[7,7]->[8,6]
[5,0]->[6,3]
====================
[B-0673]->[?]
%%%%%%%%%%%%%%%%%%%%%%%%%%%%%%%%%%%%%%%%%%%%%%%%%%%%%%%%%%%%%%%%%%
[12,0]->[13,8]
[10,8]->[11,7]
[2,2]->[3,7]
[3,2]->[4,7]
[3,8]->[4,2]
[3,9]->[4,9]
[1,4]->[2,0]
[10,9]->[11,1]
[7,2]->[8,2]
[4,3]->[5,2]
[B-0033]->[0,3]
[9,5]->[10,0]
[7,6]->[8,9]
[5,5]->[6,6]
[4,1]->[5,3]
[5,4]->[6,8]
[3,5]->[4,6]
[3,7]->[4,4]
[9,3]->[10,3]
[2,3]->[3,8]
[8,5]->[9,8]
[7,9]->[8,1]
[1,0]->[2,4]
[12,6]->[13,5]
[5,8]->[6,9]
[9,2]->[10,7]
[6,6]->[7,0]
[0,3]->[1,1]
[4,9]->[5,5]
[D-8481]->[0,8]
[5,3]->[6,3]
[6,2]->[7,3]
[8,7]->[9,2]
[11,4]->[12,6]
[0,2]->[1,9]
[2,6]->[3,6]
[0,5]->[1,4]
[9,4]->[10,1]
[11,9]->[12,4]
[1,8]->[2,5]
[7,1]->[8,6]
[6,3]->[7,7]
[12,1]->[13,6]
[10,3]->[11,4]
[2,8]->[3,0]
[12,3]->[13,9]
[1,3]->[2,6]
[12,9]->[13,1]
[0,7]->[1,3]
[4,0]->[5,1]
[7,3]->[8,8]
[C-6477]->[0,7]
[0,1]->[1,6]
[11,6]->[12,8]
[10,5]->[11,3]
[5,0]->[6,2]
[5,9]->[6,4]
[5,7]->[6,5]
[2,5]->[3,5]
[4,5]->[5,7]
[D-6501]->[0,0]
[11,7]->[12,3]
[12,4]->[13,2]
[9,1]->[10,9]
[9,8]->[10,6]
[C-2426]->[0,2]
[E-6718]->[0,1]
[7,4]->[8,4]
[6,5]->[7,2]
[11,1]->[12,1]
[2,4]->[3,4]
[12,2]->[13,3]
[8,2]->[9,4]
[1,7]->[2,2]
[2,0]->[3,9]
[8,3]->[9,5]
[7,8]->[8,3]
[3,6]->[4,3]
[8,8]->[9,0]
[4,4]->[5,8]
[12,8]->[13,4]
[6,0]->[7,5]
[11,3]->[12,0]
[0,0]->[1,5]
[8,9]->[9,1]
[4,6]->[5,0]
[6,4]->[7,8]
[9,0]->[10,4]
[10,2]->[11,9]
[D-4691]->[0,9]
[11,2]->[12,9]
[2,9]->[3,3]
[8,6]->[9,9]
[4,2]->[5,6]
[0,8]->[1,2]
[1,9]->[2,1]
[1,5]->[2,9]
[3,0]->[4,1]
[6,1]->[7,9]
[10,7]->[11,6]
[4,7]->[5,4]
[7,7]->[8,7]
[6,9]->[7,1]
[0,4]->[1,8]
[6,8]->[7,4]
[3,1]->[4,8]
[10,6]->[11,2]
[3,3]->[4,5]
[1,6]->[2,7]
[9,6]->[10,5]
[12,5]->[13,0]
[6,7]->[7,6]
[0,6]->[1,7]
[8,0]->[9,7]
[0,9]->[1,0]
[12,7]->[13,7]
[8,1]->[9,6]
[9,9]->[10,8]
[D-8141]->[0,4]
[11,8]->[12,5]
[9,7]->[10,2]
[5,6]->[6,1]
[7,5]->[8,5]
[5,1]->[6,0]
[10,4]->[11,8]
[3,4]->[4,0]
[7,0]->[8,0]
[8,4]->[9,3]
[1,2]->[2,8]
[2,7]->[3,1]
[10,1]->[11,0]
[4,8]->[5,9]
[E-2450]->[0,5]
[11,5]->[12,2]
[11,0]->[12,7]
[1,1]->[2,3]
[5,2]->[6,7]
[D-6461]->[0,6]
[2,1]->[3,2]
[10,0]->[11,5]
====================
[D-4691]->[?]
%%%%%%%%%%%%%%%%%%%%%%%%%%%%%%%%%%%%%%%%%%%%%%%%%%%%%%%%%%%%%%%%%%
[A-2130]->[0,3]
[C-0107]->[0,0]
[0,0]->[1,1]
[9,2]->[10,4]
[4,2]->[5,4]
[F-4713]->[0,1]
[9,4]->[10,2]
[6,4]->[7,0]
[0,1]->[1,3]
[10,3]->[11,0]
[2,5]->[3,3]
[4,1]->[5,1]
[2,0]->[3,1]
[4,4]->[5,2]
[4,3]->[5,0]
[2,4]->[3,5]
[6,1]->[7,4]
[1,3]->[2,2]
[9,5]->[10,3]
[3,0]->[4,2]
[0,2]->[1,0]
[3,1]->[4,0]
[1,0]->[2,5]
[5,3]->[6,2]
[7,2]->[8,2]
[6,5]->[7,5]
[5,0]->[6,5]
[7,3]->[8,5]
[8,1]->[9,4]
[0,4]->[1,2]
[D-4843]->[0,4]
[B-0754]->[0,5]
[7,0]->[8,4]
[2,2]->[3,4]
[3,2]->[4,4]
[8,5]->[9,2]
[3,4]->[4,5]
[4,0]->[5,3]
[5,5]->[6,0]
[8,4]->[9,0]
[6,2]->[7,2]
[10,4]->[11,5]
[5,4]->[6,3]
[8,2]->[9,5]
[3,3]->[4,3]
[4,5]->[5,5]
[10,2]->[11,4]
[1,2]->[2,1]
[10,0]->[11,2]
[3,5]->[4,1]
[10,1]->[11,1]
[1,5]->[2,4]
[0,3]->[1,4]
[9,3]->[10,1]
[6,3]->[7,1]
[6,0]->[7,3]
[7,1]->[8,3]
[8,3]->[9,1]
[D-7725]->[0,2]
[5,2]->[6,4]
[10,5]->[11,3]
[7,4]->[8,0]
[7,5]->[8,1]
[0,5]->[1,5]
[8,0]->[9,3]
[1,4]->[2,0]
[9,1]->[10,0]
[1,1]->[2,3]
[9,0]->[10,5]
[2,3]->[3,2]
[5,1]->[6,1]
[2,1]->[3,0]
====================
[F-4713]->[?]
%%%%%%%%%%%%%%%%%%%%%%%%%%%%%%%%%%%%%%%%%%%%%%%%%%%%%%%%%%%%%%%%%%
[11,6]->[12,6]
[12,8]->[13,0]
[2,2]->[3,3]
[B-1448]->[0,4]
[0,2]->[1,0]
[9,5]->[10,3]
[8,1]->[9,2]
[10,7]->[11,6]
[2,3]->[3,7]
[12,1]->[13,5]
[1,6]->[2,6]
[7,3]->[8,7]
[2,5]->[3,8]
[4,5]->[5,7]
[1,9]->[2,1]
[3,6]->[4,2]
[9,8]->[10,0]
[12,2]->[13,1]
[10,2]->[11,1]
[5,7]->[6,4]
[F-0062]->[0,6]
[1,5]->[2,8]
[2,0]->[3,5]
[7,0]->[8,4]
[12,3]->[13,4]
[6,2]->[7,7]
[D-2581]->[0,8]
[12,9]->[13,8]
[2,6]->[3,2]
[1,2]->[2,2]
[1,0]->[2,9]
[10,3]->[11,3]
[4,9]->[5,3]
[4,7]->[5,2]
[0,4]->[1,1]
[10,9]->[11,2]
[0,0]->[1,3]
[6,3]->[7,0]
[7,7]->[8,9]
[7,1]->[8,1]
[12,4]->[13,7]
[4,6]->[5,0]
[7,5]->[8,2]
[A-0098]->[0,9]
[7,6]->[8,0]
[1,7]->[2,3]
[8,6]->[9,9]
[9,2]->[10,1]
[8,2]->[9,3]
[10,8]->[11,4]
[2,9]->[3,9]
[11,0]->[12,5]
[2,4]->[3,1]
[B-7404]->[0,0]
[4,8]->[5,5]
[5,0]->[6,0]
[11,2]->[12,4]
[11,9]->[12,7]
[12,7]->[13,9]
[11,1]->[12,9]
[8,8]->[9,7]
[0,8]->[1,7]
[B-8570]->[0,7]
[3,3]->[4,0]
[6,4]->[7,4]
[10,6]->[11,0]
[9,1]->[10,6]
[2,1]->[3,6]
[6,8]->[7,3]
[5,2]->[6,6]
[0,7]->[1,9]
[0,6]->[1,6]
[10,5]->[11,5]
[9,9]->[10,2]
[11,3]->[12,1]
[3,7]->[4,3]
[6,9]->[7,5]
[6,7]->[7,8]
[6,0]->[7,6]
[0,3]->[1,5]
[11,5]->[12,2]
[8,4]->[9,1]
[B-7320]->[0,2]
[9,6]->[10,4]
[4,0]->[5,1]
[1,3]->[2,7]
[12,6]->[13,6]
[1,8]->[2,0]
[9,4]->[10,5]
[D-8731]->[0,3]
[5,8]->[6,1]
[3,2]->[4,7]
[5,6]->[6,7]
[12,0]->[13,3]
[11,4]->[12,8]
[10,1]->[11,8]
[5,5]->[6,2]
[4,2]->[5,8]
[3,5]->[4,1]
[9,7]->[10,8]
[2,8]->[3,4]
[1,1]->[2,4]
[4,1]->[5,4]
[3,0]->[4,4]
[0,1]->[1,2]
[3,9]->[4,6]
[8,3]->[9,6]
[8,0]->[9,8]
[4,3]->[5,6]
[3,4]->[4,8]
[1,4]->[2,5]
[5,1]->[6,9]
[7,8]->[8,6]
[F-2415]->[0,1]
[11,8]->[12,0]
[2,7]->[3,0]
[0,9]->[1,4]
[7,2]->[8,3]
[6,1]->[7,2]
[5,3]->[6,5]
[5,9]->[6,3]
[10,4]->[11,9]
[7,9]->[8,8]
[6,5]->[7,1]
[11,7]->[12,3]
[D-6352]->[0,5]
[5,4]->[6,8]
[12,5]->[13,2]
[9,3]->[10,9]
[7,4]->[8,5]
[10,0]->[11,7]
[3,8]->[4,9]
[6,6]->[7,9]
[8,7]->[9,4]
[8,5]->[9,0]
[8,9]->[9,5]
[0,5]->[1,8]
[3,1]->[4,5]
[4,4]->[5,9]
[9,0]->[10,7]
====================
[B-8570]->[?]
%%%%%%%%%%%%%%%%%%%%%%%%%%%%%%%%%%%%%%%%%%%%%%%%%%%%%%%%%%%%%%%%%%
[1,1]->[2,2]
[16,0]->[17,4]
[12,4]->[13,0]
[0,4]->[1,3]
[13,1]->[14,4]
[6,3]->[7,2]
[15,2]->[16,0]
[13,0]->[14,3]
[18,2]->[19,1]
[20,0]->[21,2]
[13,3]->[14,2]
[9,1]->[10,1]
[19,0]->[20,1]
[11,0]->[12,4]
[7,2]->[8,1]
[18,3]->[19,0]
[16,3]->[17,0]
[1,2]->[2,4]
[8,3]->[9,4]
[20,2]->[21,4]
[14,2]->[15,4]
[5,0]->[6,0]
[3,3]->[4,0]
[10,1]->[11,0]
[2,0]->[3,2]
[15,1]->[16,4]
[2,1]->[3,0]
[11,3]->[12,2]
[14,1]->[15,1]
[19,1]->[20,2]
[17,4]->[18,2]
[9,4]->[10,2]
[B-1843]->[0,4]
[15,4]->[16,2]
[4,4]->[5,4]
[7,0]->[8,0]
[2,2]->[3,4]
[0,2]->[1,1]
[18,4]->[19,2]
[10,0]->[11,3]
[9,3]->[10,3]
[20,1]->[21,0]
[E-2211]->[0,1]
[11,4]->[12,1]
[11,2]->[12,3]
[10,4]->[11,1]
[7,3]->[8,2]
[6,2]->[7,3]
[13,4]->[14,1]
[3,1]->[4,2]
[14,4]->[15,3]
[0,3]->[1,0]
[19,2]->[20,0]
[9,2]->[10,0]
[17,0]->[18,1]
[16,1]->[17,1]
[3,2]->[4,4]
[18,1]->[19,4]
[16,2]->[17,3]
[4,0]->[5,2]
[12,1]->[13,3]
[17,3]->[18,0]
[3,0]->[4,3]
[12,2]->[13,4]
[5,1]->[6,4]
[5,4]->[6,2]
[15,3]->[16,3]
[19,3]->[20,3]
[15,0]->[16,1]
[5,2]->[6,1]
[16,4]->[17,2]
[3,4]->[4,1]
[4,3]->[5,0]
[2,4]->[3,1]
[2,3]->[3,3]
[8,1]->[9,3]
[6,4]->[7,0]
[1,3]->[2,3]
[6,1]->[7,1]
[19,4]->[20,4]
[20,3]->[21,1]
[8,4]->[9,0]
[12,3]->[13,2]
[7,4]->[8,4]
[13,2]->[14,0]
[1,4]->[2,1]
[6,0]->[7,4]
[20,4]->[21,3]
[10,2]->[11,2]
[11,1]->[12,0]
[0,0]->[1,4]
[7,1]->[8,3]
[0,1]->[1,2]
[8,0]->[9,2]
[F-3832]->[0,3]
[17,2]->[18,4]
[14,3]->[15,2]
[17,1]->[18,3]
[9,0]->[10,4]
[8,2]->[9,1]
[4,1]->[5,1]
[D-2828]->[0,2]
[14,0]->[15,0]
[5,3]->[6,3]
[1,0]->[2,0]
[F-8206]->[0,0]
[4,2]->[5,3]
[12,0]->[13,1]
[10,3]->[11,4]
[18,0]->[19,3]
====================
[E-2211]->[?]
%%%%%%%%%%%%%%%%%%%%%%%%%%%%%%%%%%%%%%%%%%%%%%%%%%%%%%%%%%%%%%%%%%
[15,4]->[16,0]
[15,2]->[16,5]
[13,4]->[14,2]
[15,5]->[16,6]
[13,2]->[14,4]
[13,1]->[14,6]
[15,6]->[16,1]
[11,1]->[12,2]
[B-1367]->[0,6]
[11,6]->[12,0]
[18,0]->[19,4]
[18,4]->[19,6]
[14,5]->[15,3]
[7,4]->[8,6]
[4,5]->[5,1]
[9,6]->[10,4]
[18,2]->[19,5]
[16,1]->[17,3]
[10,3]->[11,1]
[10,5]->[11,6]
[F-1744]->[0,4]
[2,6]->[3,1]
[20,1]->[21,1]
[11,4]->[12,4]
[16,2]->[17,2]
[4,4]->[5,5]
[8,5]->[9,5]
[20,2]->[21,4]
[19,2]->[20,4]
[15,0]->[16,3]
[21,6]->[22,5]
[1,1]->[2,5]
[17,5]->[18,6]
[7,5]->[8,4]
[19,6]->[20,0]
[0,1]->[1,0]
[21,2]->[22,6]
[A-3523]->[0,2]
[3,6]->[4,6]
[11,2]->[12,6]
[0,4]->[1,2]
[2,2]->[3,5]
[14,3]->[15,5]
[19,5]->[20,5]
[21,5]->[22,4]
[4,2]->[5,0]
[16,3]->[17,4]
[1,5]->[2,3]
[8,4]->[9,6]
[4,6]->[5,6]
[14,4]->[15,0]
[20,3]->[21,3]
[17,2]->[18,3]
[9,5]->[10,1]
[6,3]->[7,4]
[19,0]->[20,6]
[17,6]->[18,0]
[3,2]->[4,2]
[4,1]->[5,3]
[9,0]->[10,2]
[8,6]->[9,1]
[20,0]->[21,5]
[11,5]->[12,5]
[1,0]->[2,1]
[19,3]->[20,1]
[21,0]->[22,3]
[A-2210]->[0,1]
[7,1]->[8,3]
[0,5]->[1,5]
[2,3]->[3,6]
[14,1]->[15,4]
[18,1]->[19,1]
[9,4]->[10,3]
[0,0]->[1,3]
[6,1]->[7,6]
[0,6]->[1,4]
[10,1]->[11,3]
[13,3]->[14,0]
[9,2]->[10,0]
[12,3]->[13,6]
[21,1]->[22,1]
[5,1]->[6,4]
[A-7535]->[0,3]
[14,6]->[15,1]
[17,4]->[18,2]
[10,2]->[11,2]
[14,0]->[15,2]
[3,4]->[4,1]
[3,0]->[4,5]
[6,5]->[7,0]
[7,6]->[8,1]
[2,0]->[3,4]
[1,2]->[2,0]
[5,3]->[6,1]
[0,3]->[1,6]
[1,3]->[2,6]
[17,1]->[18,1]
[0,2]->[1,1]
[20,4]->[21,0]
[10,0]->[11,5]
[12,0]->[13,5]
[12,4]->[13,1]
[5,4]->[6,2]
[17,0]->[18,5]
[2,1]->[3,3]
[8,2]->[9,4]
[1,6]->[2,2]
[12,5]->[13,0]
[8,3]->[9,0]
[19,1]->[20,2]
[7,3]->[8,5]
[11,3]->[12,1]
[13,6]->[14,5]
[16,0]->[17,1]
[18,5]->[19,2]
[1,4]->[2,4]
[16,6]->[17,0]
[14,2]->[15,6]
[18,3]->[19,0]
[5,0]->[6,0]
[20,6]->[21,6]
[15,3]->[16,2]
[16,4]->[17,5]
[20,5]->[21,2]
[6,6]->[7,2]
[5,6]->[6,5]
[4,0]->[5,2]
[6,2]->[7,3]
[3,1]->[4,0]
[5,5]->[6,3]
[6,0]->[7,1]
[B-5502]->[0,0]
[4,3]->[5,4]
[10,4]->[11,4]
[16,5]->[17,6]
[12,2]->[13,2]
[11,0]->[12,3]
[8,0]->[9,3]
[7,2]->[8,2]
[19,4]->[20,3]
[17,3]->[18,4]
[3,5]->[4,4]
[C-7452]->[0,5]
[7,0]->[8,0]
[5,2]->[6,6]
[12,1]->[13,4]
[2,5]->[3,0]
[6,4]->[7,5]
[21,4]->[22,0]
[13,0]->[14,1]
[9,1]->[10,5]
[13,5]->[14,3]
[8,1]->[9,2]
[9,3]->[10,6]
[12,6]->[13,3]
[2,4]->[3,2]
[21,3]->[22,2]
[3,3]->[4,3]
[15,1]->[16,4]
[10,6]->[11,0]
[18,6]->[19,3]
====================
[C-7452]->[?]
%%%%%%%%%%%%%%%%%%%%%%%%%%%%%%%%%%%%%%%%%%%%%%%%%%%%%%%%%%%%%%%%%%
[13,5]->[14,1]
[12,2]->[13,4]
[5,4]->[6,0]
[17,4]->[18,1]
[14,0]->[15,5]
[C-6838]->[0,3]
[12,4]->[13,3]
[9,3]->[10,0]
[2,2]->[3,0]
[11,0]->[12,0]
[10,3]->[11,1]
[9,0]->[10,1]
[10,0]->[11,3]
[1,2]->[2,1]
[9,5]->[10,5]
[12,1]->[13,5]
[4,5]->[5,4]
[15,1]->[16,1]
[10,2]->[11,0]
[11,3]->[12,2]
[0,5]->[1,0]
[15,2]->[16,5]
[15,3]->[16,0]
[8,3]->[9,4]
[13,3]->[14,2]
[14,4]->[15,1]
[17,5]->[18,2]
[2,4]->[3,4]
[F-7403]->[0,0]
[A-7717]->[0,1]
[3,1]->[4,5]
[0,0]->[1,3]
[14,5]->[15,3]
[A-1552]->[0,5]
[15,4]->[16,3]
[11,1]->[12,1]
[14,1]->[15,4]
[6,3]->[7,5]
[4,4]->[5,0]
[13,4]->[14,5]
[1,4]->[2,5]
[0,3]->[1,1]
[12,3]->[13,2]
[16,2]->[17,4]
[5,2]->[6,1]
[12,5]->[13,0]
[8,4]->[9,0]
[5,1]->[6,4]
[10,4]->[11,2]
[B-3344]->[0,4]
[8,2]->[9,2]
[6,5]->[7,4]
[7,1]->[8,4]
[5,3]->[6,3]
[11,2]->[12,3]
[0,2]->[1,4]
[1,5]->[2,2]
[7,4]->[8,2]
[1,0]->[2,4]
[14,3]->[15,0]
[6,1]->[7,3]
[1,1]->[2,0]
[15,0]->[16,4]
[8,5]->[9,5]
[2,0]->[3,3]
[16,3]->[17,3]
[5,0]->[6,2]
[7,2]->[8,5]
[3,0]->[4,3]
[5,5]->[6,5]
[14,2]->[15,2]
[17,3]->[18,4]
[0,4]->[1,2]
[15,5]->[16,2]
[7,3]->[8,3]
[11,4]->[12,5]
[16,4]->[17,0]
[3,3]->[4,1]
[11,5]->[12,4]
[10,1]->[11,4]
[4,2]->[5,2]
[13,1]->[14,3]
[16,1]->[17,1]
[7,0]->[8,1]
[3,5]->[4,0]
[6,0]->[7,0]
[0,1]->[1,5]
[7,5]->[8,0]
[4,3]->[5,5]
[9,2]->[10,2]
[6,2]->[7,2]
[13,2]->[14,0]
[3,2]->[4,4]
[16,5]->[17,5]
[8,1]->[9,3]
[9,4]->[10,3]
[17,2]->[18,0]
[6,4]->[7,1]
[2,1]->[3,1]
[1,3]->[2,3]
[4,0]->[5,1]
[C-7521]->[0,2]
[4,1]->[5,3]
[3,4]->[4,2]
[2,5]->[3,2]
[2,3]->[3,5]
[17,1]->[18,5]
[13,0]->[14,4]
[12,0]->[13,1]
[10,5]->[11,5]
[8,0]->[9,1]
[17,0]->[18,3]
[9,1]->[10,4]
[16,0]->[17,2]
====================
[C-7521]->[?]
%%%%%%%%%%%%%%%%%%%%%%%%%%%%%%%%%%%%%%%%%%%%%%%%%%%%%%%%%%%%%%%%%%
[24,5]->[25,7]
[11,2]->[12,5]
[16,2]->[17,4]
[21,3]->[22,6]
[3,7]->[4,0]
[10,1]->[11,3]
[20,6]->[21,4]
[24,3]->[25,3]
[F-3320]->[0,2]
[4,3]->[5,0]
[7,4]->[8,4]
[14,1]->[15,1]
[8,1]->[9,6]
[3,5]->[4,3]
[19,2]->[20,4]
[5,3]->[6,7]
[26,6]->[27,2]
[23,1]->[24,2]
[C-5637]->[0,3]
[26,5]->[27,4]
[9,2]->[10,0]
[15,1]->[16,6]
[E-8204]->[0,0]
[9,5]->[10,4]
[4,5]->[5,1]
[0,3]->[1,3]
[17,2]->[18,6]
[5,5]->[6,3]
[27,3]->[28,1]
[3,4]->[4,2]
[13,2]->[14,6]
[5,2]->[6,1]
[3,1]->[4,6]
[26,2]->[27,0]
[22,7]->[23,4]
[2,3]->[3,6]
[C-7217]->[0,1]
[14,6]->[15,7]
[2,0]->[3,7]
[14,2]->[15,5]
[0,6]->[1,4]
[1,2]->[2,4]
[6,5]->[7,7]
[0,1]->[1,2]
[22,6]->[23,5]
[18,6]->[19,7]
[21,6]->[22,5]
[21,7]->[22,0]
[19,5]->[20,6]
[19,7]->[20,2]
[3,3]->[4,4]
[18,5]->[19,1]
[5,4]->[6,0]
[0,5]->[1,5]
[12,4]->[13,3]
[7,0]->[8,1]
[27,1]->[28,4]
[20,2]->[21,0]
[24,1]->[25,5]
[23,3]->[24,4]
[19,1]->[20,5]
[13,7]->[14,7]
[17,1]->[18,3]
[11,6]->[12,7]
[15,5]->[16,1]
[12,0]->[13,0]
[1,4]->[2,0]
[26,1]->[27,6]
[13,3]->[14,0]
[12,1]->[13,5]
[17,0]->[18,2]
[17,4]->[18,7]
[13,1]->[14,1]
[13,5]->[14,5]
[18,0]->[19,0]
[4,1]->[5,5]
[0,2]->[1,1]
[16,5]->[17,7]
[7,7]->[8,5]
[8,6]->[9,2]
[19,6]->[20,0]
[27,2]->[28,7]
[12,6]->[13,1]
[20,1]->[21,7]
[6,0]->[7,6]
[12,7]->[13,7]
[10,3]->[11,2]
[15,0]->[16,7]
[C-1867]->[0,6]
[26,4]->[27,1]
[17,3]->[18,5]
[27,7]->[28,3]
[16,7]->[17,1]
[20,4]->[21,3]
[15,3]->[16,2]
[0,0]->[1,0]
[16,3]->[17,5]
[11,0]->[12,6]
[18,1]->[19,5]
[6,7]->[7,1]
[14,4]->[15,0]
[16,1]->[17,0]
[7,1]->[8,3]
[21,2]->[22,2]
[13,4]->[14,4]
[1,6]->[2,7]
[11,3]->[12,3]
[20,5]->[21,5]
[24,2]->[25,2]
[23,2]->[24,0]
[12,2]->[13,6]
[8,5]->[9,0]
[10,5]->[11,4]
[17,6]->[18,4]
[14,5]->[15,6]
[9,1]->[10,7]
[19,3]->[20,1]
[4,2]->[5,2]
[23,7]->[24,6]
[12,3]->[13,4]
[6,3]->[7,5]
[19,4]->[20,7]
[22,4]->[23,2]
[23,6]->[24,1]
[22,2]->[23,0]
[7,6]->[8,7]
[22,3]->[23,7]
[18,2]->[19,3]
[8,7]->[9,7]
[24,0]->[25,1]
[9,4]->[10,3]
[13,0]->[14,2]
[2,1]->[3,3]
[25,2]->[26,6]
[15,2]->[16,5]
[24,7]->[25,6]
[1,0]->[2,1]
[26,0]->[27,5]
[22,1]->[23,3]
[8,4]->[9,1]
[2,7]->[3,0]
[25,0]->[26,1]
[10,2]->[11,1]
[23,0]->[24,3]
[21,4]->[22,4]
[20,3]->[21,2]
[17,7]->[18,0]
[2,2]->[3,4]
[25,6]->[26,4]
[1,1]->[2,2]
[16,0]->[17,6]
[21,5]->[22,1]
[5,6]->[6,6]
[16,4]->[17,3]
[27,4]->[28,2]
[E-0841]->[0,4]
[7,2]->[8,6]
[15,6]->[16,4]
[13,6]->[14,3]
[23,5]->[24,7]
[17,5]->[18,1]
[14,7]->[15,3]
[26,7]->[27,3]
[4,4]->[5,3]
[25,7]->[26,5]
[18,3]->[19,6]
[9,6]->[10,5]
[21,0]->[22,7]
[2,6]->[3,5]
[0,4]->[1,7]
[11,7]->[12,1]
[1,7]->[2,5]
[14,0]->[15,2]
[6,2]->[7,0]
[11,1]->[12,4]
[21,1]->[22,3]
[6,4]->[7,4]
[22,5]->[23,1]
[11,4]->[12,0]
[6,1]->[7,3]
[7,3]->[8,0]
[27,6]->[28,6]
[9,3]->[10,2]
[3,6]->[4,7]
[5,7]->[6,2]
[8,0]->[9,5]
[24,6]->[25,4]
[E-7274]->[0,7]
[16,6]->[17,2]
[15,4]->[16,3]
[25,3]->[26,0]
[5,0]->[6,4]
[20,7]->[21,6]
[24,4]->[25,0]
[18,7]->[19,2]
[25,5]->[26,2]
[4,7]->[5,7]
[7,5]->[8,2]
[5,1]->[6,5]
[11,5]->[12,2]
[10,6]->[11,5]
[10,7]->[11,7]
[25,1]->[26,7]
[10,4]->[11,6]
[23,4]->[24,5]
[D-0152]->[0,5]
[0,7]->[1,6]
[19,0]->[20,3]
[9,0]->[10,6]
[18,4]->[19,4]
[8,2]->[9,4]
[3,0]->[4,1]
[3,2]->[4,5]
[12,5]->[13,2]
[25,4]->[26,3]
[1,3]->[2,6]
[27,5]->[28,5]
[14,3]->[15,4]
[26,3]->[27,7]
[8,3]->[9,3]
[10,0]->[11,0]
[20,0]->[21,1]
[4,0]->[5,6]
[2,5]->[3,2]
[2,4]->[3,1]
[9,7]->[10,1]
[15,7]->[16,0]
[6,6]->[7,2]
[22,0]->[23,6]
[27,0]->[28,0]
[1,5]->[2,3]
[4,6]->[5,4]
====================
[C-7217]->[?]
%%%%%%%%%%%%%%%%%%%%%%%%%%%%%%%%%%%%%%%%%%%%%%%%%%%%%%%%%%%%%%%%%%
[8,3]->[9,3]
[4,6]->[5,0]
[5,0]->[6,4]
[7,6]->[8,3]
[9,3]->[10,0]
[10,0]->[11,4]
[3,6]->[4,2]
[4,3]->[5,6]
[A-3206]->[0,0]
[5,2]->[6,0]
[6,2]->[7,4]
[2,1]->[3,5]
[A-0242]->[0,4]
[7,0]->[8,2]
[3,5]->[4,1]
[6,0]->[7,2]
[1,6]->[2,4]
[3,3]->[4,5]
[10,4]->[11,6]
[9,6]->[10,4]
[2,5]->[3,0]
[1,2]->[2,0]
[8,6]->[9,0]
[1,3]->[2,1]
[4,5]->[5,1]
[9,5]->[10,1]
[5,1]->[6,2]
[10,5]->[11,5]
[2,6]->[3,2]
[4,0]->[5,4]
[0,4]->[1,3]
[2,0]->[3,3]
[6,6]->[7,0]
[6,1]->[7,5]
[1,1]->[2,6]
[7,2]->[8,6]
[7,5]->[8,4]
[0,1]->[1,2]
[8,4]->[9,2]
[4,4]->[5,2]
[9,2]->[10,3]
[8,0]->[9,4]
[0,2]->[1,0]
[8,2]->[9,5]
[5,5]->[6,3]
[9,0]->[10,6]
[8,1]->[9,1]
[C-2461]->[0,6]
[3,2]->[4,0]
[10,2]->[11,0]
[5,4]->[6,5]
[0,5]->[1,6]
[10,6]->[11,1]
[4,2]->[5,5]
[0,0]->[1,4]
[8,5]->[9,6]
[0,3]->[1,5]
[B-2827]->[0,2]
[1,5]->[2,3]
[3,0]->[4,4]
[7,4]->[8,0]
[1,0]->[2,2]
[6,5]->[7,3]
[2,3]->[3,1]
[5,6]->[6,6]
[7,1]->[8,5]
[C-4031]->[0,3]
[6,3]->[7,1]
[6,4]->[7,6]
[10,1]->[11,3]
[10,3]->[11,2]
[5,3]->[6,1]
[9,4]->[10,2]
[4,1]->[5,3]
[2,2]->[3,6]
[E-0013]->[0,1]
[F-2054]->[0,5]
[2,4]->[3,4]
[3,4]->[4,3]
[3,1]->[4,6]
[9,1]->[10,5]
[0,6]->[1,1]
[7,3]->[8,1]
[1,4]->[2,5]
====================
[C-2461]->[?]
%%%%%%%%%%%%%%%%%%%%%%%%%%%%%%%%%%%%%%%%%%%%%%%%%%%%%%%%%%%%%%%%%%
[15,4]->[16,1]
[8,5]->[9,3]
[1,4]->[2,7]
[9,7]->[10,6]
[11,4]->[12,4]
[14,7]->[15,5]
[7,5]->[8,4]
[15,5]->[16,4]
[2,7]->[3,3]
[4,5]->[5,2]
[10,7]->[11,6]
[12,6]->[13,3]
[12,5]->[13,2]
[14,3]->[15,7]
[9,4]->[10,2]
[5,4]->[6,7]
[F-3631]->[0,3]
[1,6]->[2,1]
[3,6]->[4,0]
[7,1]->[8,1]
[5,7]->[6,2]
[13,0]->[14,5]
[4,6]->[5,0]
[13,2]->[14,6]
[2,0]->[3,1]
[13,4]->[14,7]
[3,4]->[4,3]
[13,7]->[14,1]
[12,0]->[13,6]
[0,6]->[1,3]
[11,3]->[12,2]
[B-3766]->[0,6]
[2,4]->[3,6]
[C-5800]->[0,0]
[8,4]->[9,2]
[6,0]->[7,3]
[6,3]->[7,0]
[17,5]->[18,1]
[16,0]->[17,6]
[12,4]->[13,0]
[8,7]->[9,7]
[4,2]->[5,7]
[2,2]->[3,2]
[6,5]->[7,5]
[13,3]->[14,2]
[9,6]->[10,3]
[15,0]->[16,0]
[17,3]->[18,7]
[16,3]->[17,2]
[7,3]->[8,2]
[5,3]->[6,0]
[1,1]->[2,0]
[3,1]->[4,4]
[1,7]->[2,5]
[9,2]->[10,0]
[2,3]->[3,7]
[7,6]->[8,3]
[11,1]->[12,6]
[11,6]->[12,3]
[12,2]->[13,4]
[4,0]->[5,6]
[C-1150]->[0,5]
[11,5]->[12,1]
[1,5]->[2,4]
[9,5]->[10,5]
[11,0]->[12,7]
[9,0]->[10,7]
[17,7]->[18,5]
[0,2]->[1,2]
[4,4]->[5,5]
[2,6]->[3,0]
[0,7]->[1,5]
[7,7]->[8,5]
[0,4]->[1,7]
[7,0]->[8,7]
[6,4]->[7,1]
[15,2]->[16,2]
[8,0]->[9,4]
[8,1]->[9,6]
[16,1]->[17,1]
[5,1]->[6,4]
[1,0]->[2,6]
[3,2]->[4,5]
[0,5]->[1,6]
[5,2]->[6,6]
[F-1875]->[0,7]
[16,7]->[17,0]
[12,1]->[13,1]
[9,3]->[10,1]
[4,7]->[5,1]
[12,7]->[13,7]
[3,3]->[4,1]
[8,6]->[9,1]
[5,6]->[6,3]
[2,1]->[3,4]
[10,4]->[11,3]
[7,2]->[8,6]
[16,6]->[17,4]
[5,0]->[6,5]
[8,2]->[9,5]
[1,2]->[2,2]
[10,1]->[11,0]
[5,5]->[6,1]
[3,0]->[4,6]
[B-8048]->[0,4]
[14,4]->[15,4]
[17,6]->[18,6]
[A-4416]->[0,1]
[6,7]->[7,6]
[13,6]->[14,0]
[14,2]->[15,6]
[4,3]->[5,4]
[11,7]->[12,0]
[4,1]->[5,3]
[16,4]->[17,5]
[14,5]->[15,0]
[16,2]->[17,3]
[0,3]->[1,1]
[15,3]->[16,3]
[10,3]->[11,1]
[1,3]->[2,3]
[9,1]->[10,4]
[6,2]->[7,4]
[11,2]->[12,5]
[14,0]->[15,3]
[13,1]->[14,3]
[15,1]->[16,6]
[3,7]->[4,7]
[15,6]->[16,5]
[17,0]->[18,3]
[10,2]->[11,7]
[A-5023]->[0,2]
[0,0]->[1,0]
[6,1]->[7,2]
[17,1]->[18,4]
[8,3]->[9,0]
[7,4]->[8,0]
[2,5]->[3,5]
[13,5]->[14,4]
[17,2]->[18,2]
[14,6]->[15,1]
[17,4]->[18,0]
[10,5]->[11,5]
[0,1]->[1,4]
[10,6]->[11,4]
[14,1]->[15,2]
[10,0]->[11,2]
[15,7]->[16,7]
[6,6]->[7,7]
[16,5]->[17,7]
[3,5]->[4,2]
[12,3]->[13,5]
====================
[C-1150]->[?]
%%%%%%%%%%%%%%%%%%%%%%%%%%%%%%%%%%%%%%%%%%%%%%%%%%%%%%%%%%%%%%%%%%
[11,5]->[12,8]
[9,5]->[10,2]
[6,6]->[7,4]
[4,2]->[5,7]
[4,5]->[5,1]
[8,2]->[9,8]
[11,2]->[12,5]
[0,3]->[1,0]
[5,7]->[6,6]
[6,3]->[7,0]
[4,8]->[5,2]
[3,7]->[4,8]
[5,5]->[6,4]
[3,0]->[4,3]
[0,7]->[1,7]
[B-7670]->[0,7]
[1,0]->[2,2]
[9,2]->[10,5]
[1,2]->[2,1]
[2,6]->[3,4]
[7,1]->[8,7]
[E-8680]->[0,8]
[5,3]->[6,0]
[5,6]->[6,7]
[11,0]->[12,6]
[4,4]->[5,8]
[9,0]->[10,3]
[C-8630]->[0,3]
[7,2]->[8,8]
[8,1]->[9,0]
[5,0]->[6,5]
[9,1]->[10,0]
[0,0]->[1,1]
[9,4]->[10,6]
[6,8]->[7,1]
[0,1]->[1,6]
[3,3]->[4,0]
[6,4]->[7,3]
[B-8405]->[0,0]
[2,5]->[3,3]
[11,4]->[12,0]
[9,8]->[10,7]
[8,8]->[9,4]
[11,7]->[12,7]
[5,8]->[6,3]
[F-5622]->[0,2]
[10,0]->[11,3]
[7,4]->[8,4]
[D-2446]->[0,4]
[1,1]->[2,7]
[0,6]->[1,2]
[6,0]->[7,7]
[7,5]->[8,5]
[D-5718]->[0,1]
[7,3]->[8,2]
[7,6]->[8,3]
[3,5]->[4,7]
[9,7]->[10,8]
[2,1]->[3,2]
[0,2]->[1,8]
[4,7]->[5,5]
[3,6]->[4,5]
[1,6]->[2,0]
[7,7]->[8,0]
[11,8]->[12,1]
[7,0]->[8,6]
[10,3]->[11,7]
[3,2]->[4,2]
[8,5]->[9,2]
[4,6]->[5,0]
[6,5]->[7,6]
[1,4]->[2,3]
[3,8]->[4,6]
[1,8]->[2,8]
[0,4]->[1,3]
[4,1]->[5,6]
[6,2]->[7,2]
[10,8]->[11,1]
[1,3]->[2,5]
[4,0]->[5,3]
[10,7]->[11,5]
[8,3]->[9,1]
[10,6]->[11,0]
[7,8]->[8,1]
[8,7]->[9,6]
[11,6]->[12,2]
[6,7]->[7,5]
[E-2557]->[0,5]
[4,3]->[5,4]
[0,5]->[1,4]
[3,1]->[4,1]
[9,3]->[10,4]
[10,5]->[11,8]
[6,1]->[7,8]
[10,2]->[11,6]
[2,4]->[3,1]
[1,5]->[2,6]
[5,1]->[6,1]
[2,8]->[3,7]
[8,0]->[9,3]
[10,4]->[11,2]
[2,7]->[3,5]
[5,2]->[6,2]
[11,1]->[12,3]
[1,7]->[2,4]
[3,4]->[4,4]
[9,6]->[10,1]
[11,3]->[12,4]
[10,1]->[11,4]
[8,6]->[9,7]
[2,3]->[3,8]
[F-5465]->[0,6]
[5,4]->[6,8]
[2,0]->[3,0]
[8,4]->[9,5]
[2,2]->[3,6]
[0,8]->[1,5]
====================
[D-5718]->[?]
%%%%%%%%%%%%%%%%%%%%%%%%%%%%%%%%%%%%%%%%%%%%%%%%%%%%%%%%%%%%%%%%%%
[0,4]->[1,0]
[11,2]->[12,1]
[2,4]->[3,1]
[15,0]->[16,2]
[7,0]->[8,5]
[3,4]->[4,2]
[17,3]->[18,1]
[8,3]->[9,0]
[5,3]->[6,4]
[C-1857]->[0,5]
[14,4]->[15,3]
[8,0]->[9,4]
[11,1]->[12,2]
[9,1]->[10,1]
[6,1]->[7,1]
[1,0]->[2,1]
[0,0]->[1,2]
[9,5]->[10,5]
[3,1]->[4,1]
[10,5]->[11,5]
[0,1]->[1,4]
[8,2]->[9,5]
[14,2]->[15,0]
[13,3]->[14,2]
[10,4]->[11,0]
[12,0]->[13,0]
[8,5]->[9,3]
[5,1]->[6,5]
[12,1]->[13,5]
[C-7232]->[0,3]
[9,2]->[10,0]
[5,4]->[6,0]
[16,2]->[17,1]
[18,1]->[19,5]
[11,5]->[12,5]
[18,0]->[19,4]
[2,2]->[3,4]
[14,1]->[15,2]
[18,2]->[19,3]
[3,2]->[4,0]
[9,3]->[10,2]
[8,1]->[9,1]
[7,4]->[8,2]
[6,2]->[7,5]
[0,5]->[1,5]
[16,3]->[17,0]
[18,4]->[19,2]
[12,2]->[13,2]
[A-4140]->[0,4]
[17,1]->[18,5]
[17,2]->[18,4]
[19,0]->[20,3]
[1,5]->[2,5]
[18,5]->[19,1]
[1,4]->[2,2]
[11,4]->[12,4]
[1,3]->[2,3]
[12,5]->[13,1]
[1,1]->[2,0]
[13,0]->[14,1]
[3,0]->[4,3]
[13,4]->[14,3]
[17,4]->[18,2]
[16,0]->[17,2]
[5,2]->[6,2]
[15,3]->[16,4]
[6,4]->[7,2]
[8,4]->[9,2]
[10,0]->[11,4]
[7,2]->[8,3]
[19,4]->[20,0]
[4,4]->[5,3]
[16,5]->[17,4]
[12,3]->[13,4]
[16,1]->[17,3]
[17,0]->[18,3]
[4,2]->[5,5]
[13,2]->[14,0]
[4,5]->[5,2]
[14,5]->[15,1]
[11,0]->[12,0]
[10,3]->[11,3]
[6,3]->[7,0]
[18,3]->[19,0]
[A-6111]->[0,1]
[10,1]->[11,2]
[0,3]->[1,3]
[11,3]->[12,3]
[15,1]->[16,0]
[15,4]->[16,3]
[19,3]->[20,5]
[7,5]->[8,4]
[4,0]->[5,1]
[0,2]->[1,1]
[2,1]->[3,5]
[4,1]->[5,4]
[2,0]->[3,3]
[7,3]->[8,0]
[14,3]->[15,5]
[3,3]->[4,4]
[16,4]->[17,5]
[6,5]->[7,3]
[2,5]->[3,2]
[19,2]->[20,1]
[14,0]->[15,4]
[4,3]->[5,0]
[2,3]->[3,0]
[3,5]->[4,5]
[10,2]->[11,1]
[19,1]->[20,2]
[5,0]->[6,1]
[6,0]->[7,4]
[9,4]->[10,4]
[17,5]->[18,0]
[5,5]->[6,3]
[13,1]->[14,4]
[9,0]->[10,3]
[12,4]->[13,3]
[15,5]->[16,5]
[C-5020]->[0,2]
[A-2702]->[0,0]
[7,1]->[8,1]
[13,5]->[14,5]
[1,2]->[2,4]
[15,2]->[16,1]
[19,5]->[20,4]
====================
[A-2702]->[?]
%%%%%%%%%%%%%%%%%%%%%%%%%%%%%%%%%%%%%%%%%%%%%%%%%%%%%%%%%%%%%%%%%%
[15,2]->[16,3]
[9,5]->[10,4]
[15,1]->[16,1]
[D-2066]->[0,6]
[13,1]->[14,5]
[7,2]->[8,0]
[0,3]->[1,2]
[2,2]->[3,3]
[10,2]->[11,6]
[A-5212]->[0,1]
[15,5]->[16,6]
[4,0]->[5,4]
[D-1856]->[0,5]
[3,2]->[4,0]
[16,5]->[17,2]
[1,0]->[2,5]
[3,1]->[4,3]
[11,6]->[12,1]
[1,5]->[2,6]
[11,2]->[12,0]
[5,2]->[6,0]
[6,0]->[7,4]
[14,1]->[15,1]
[11,0]->[12,6]
[0,1]->[1,6]
[9,1]->[10,3]
[D-0204]->[0,0]
[8,3]->[9,2]
[4,4]->[5,5]
[14,0]->[15,0]
[9,3]->[10,2]
[4,6]->[5,0]
[0,5]->[1,3]
[1,2]->[2,3]
[2,0]->[3,2]
[3,6]->[4,4]
[6,2]->[7,3]
[0,0]->[1,0]
[12,0]->[13,6]
[13,5]->[14,1]
[7,1]->[8,6]
[13,3]->[14,2]
[E-4642]->[0,4]
[2,4]->[3,6]
[7,3]->[8,1]
[1,1]->[2,4]
[10,4]->[11,1]
[12,5]->[13,2]
[2,5]->[3,5]
[16,6]->[17,6]
[6,6]->[7,5]
[B-5536]->[0,3]
[1,6]->[2,1]
[6,1]->[7,6]
[14,4]->[15,3]
[8,2]->[9,5]
[5,1]->[6,3]
[13,6]->[14,3]
[16,3]->[17,5]
[4,3]->[5,2]
[9,2]->[10,5]
[15,4]->[16,2]
[12,6]->[13,1]
[10,0]->[11,5]
[5,4]->[6,6]
[13,4]->[14,6]
[6,5]->[7,2]
[8,0]->[9,1]
[3,4]->[4,1]
[5,6]->[6,2]
[7,0]->[8,2]
[3,0]->[4,6]
[10,1]->[11,3]
[16,4]->[17,4]
[10,6]->[11,4]
[0,6]->[1,4]
[14,3]->[15,4]
[6,4]->[7,0]
[7,6]->[8,5]
[0,4]->[1,1]
[9,6]->[10,0]
[15,3]->[16,4]
[12,1]->[13,4]
[7,5]->[8,3]
[12,4]->[13,3]
[11,3]->[12,3]
[10,5]->[11,0]
[14,5]->[15,2]
[5,0]->[6,5]
[0,2]->[1,5]
[15,0]->[16,0]
[7,4]->[8,4]
[5,5]->[6,4]
[11,5]->[12,2]
[8,6]->[9,6]
[4,5]->[5,6]
[13,0]->[14,0]
[14,2]->[15,5]
[12,3]->[13,0]
[4,1]->[5,3]
[15,6]->[16,5]
[3,5]->[4,5]
[14,6]->[15,6]
[8,1]->[9,3]
[8,4]->[9,0]
[2,6]->[3,1]
[4,2]->[5,1]
[13,2]->[14,4]
[1,3]->[2,2]
[11,1]->[12,5]
[3,3]->[4,2]
[5,3]->[6,1]
[10,3]->[11,2]
[12,2]->[13,5]
[16,1]->[17,0]
[9,4]->[10,1]
[2,3]->[3,4]
[D-6723]->[0,2]
[16,2]->[17,1]
[11,4]->[12,4]
[8,5]->[9,4]
[9,0]->[10,6]
[1,4]->[2,0]
[2,1]->[3,0]
[6,3]->[7,1]
[16,0]->[17,3]
====================
[D-1856]->[?]
%%%%%%%%%%%%%%%%%%%%%%%%%%%%%%%%%%%%%%%%%%%%%%%%%%%%%%%%%%%%%%%%%%
[6,0]->[7,4]
[4,7]->[5,10]
[8,6]->[9,0]
[3,3]->[4,9]
[0,6]->[1,5]
[6,4]->[7,7]
[3,5]->[4,1]
[9,8]->[10,5]
[3,0]->[4,3]
[4,9]->[5,4]
[B-1545]->[0,4]
[5,4]->[6,7]
[8,8]->[9,2]
[9,9]->[10,7]
[9,0]->[10,6]
[9,5]->[10,3]
[1,8]->[2,1]
[D-88102]->[0,10]
[7,4]->[8,4]
[D-3197]->[0,9]
[C-3422]->[0,2]
[9,7]->[10,0]
[F-2588]->[0,8]
[B-3834]->[0,3]
[3,2]->[4,7]
[3,8]->[4,2]
[9,1]->[10,8]
[6,8]->[7,9]
[5,6]->[6,6]
[6,10]->[7,10]
[6,3]->[7,8]
[5,3]->[6,10]
[4,1]->[5,7]
[9,6]->[10,2]
[1,1]->[2,6]
[4,10]->[5,3]
[7,0]->[8,6]
[8,0]->[9,10]
[1,5]->[2,0]
[2,4]->[3,1]
[9,10]->[10,1]
[2,9]->[3,9]
[3,9]->[4,5]
[2,7]->[3,2]
[0,0]->[1,7]
[A-0574]->[0,7]
[2,6]->[3,7]
[2,8]->[3,5]
[4,0]->[5,9]
[7,7]->[8,3]
[8,10]->[9,5]
[0,8]->[1,0]
[5,1]->[6,1]
[8,9]->[9,3]
[8,5]->[9,9]
[0,9]->[1,2]
[5,8]->[6,8]
[4,6]->[5,2]
[3,10]->[4,6]
[9,2]->[10,10]
[4,5]->[5,6]
[6,5]->[7,1]
[8,4]->[9,7]
[6,1]->[7,6]
[5,9]->[6,9]
[3,1]->[4,0]
[F-3115]->[0,1]
[1,7]->[2,3]
[5,2]->[6,3]
[7,5]->[8,5]
[0,4]->[1,4]
[8,2]->[9,4]
[8,7]->[9,8]
[4,4]->[5,5]
[2,3]->[3,3]
[9,3]->[10,9]
[3,4]->[4,10]
[5,10]->[6,0]
[5,7]->[6,2]
[2,2]->[3,10]
[2,5]->[3,6]
[7,10]->[8,9]
[7,3]->[8,0]
[A-3266]->[0,6]
[0,5]->[1,10]
[1,9]->[2,10]
[1,2]->[2,2]
[4,3]->[5,0]
[7,1]->[8,7]
[7,6]->[8,1]
[7,9]->[8,8]
[0,7]->[1,6]
[B-0058]->[0,5]
[2,10]->[3,0]
[6,7]->[7,0]
[0,10]->[1,8]
[6,2]->[7,5]
[6,6]->[7,3]
[3,7]->[4,8]
[4,8]->[5,1]
[5,0]->[6,4]
[1,6]->[2,7]
[1,10]->[2,8]
[8,3]->[9,6]
[0,3]->[1,1]
[1,3]->[2,9]
[7,8]->[8,2]
[8,1]->[9,1]
[5,5]->[6,5]
[B-5006]->[0,0]
[1,0]->[2,4]
[6,9]->[7,2]
[4,2]->[5,8]
[3,6]->[4,4]
[7,2]->[8,10]
[9,4]->[10,4]
[2,0]->[3,8]
[1,4]->[2,5]
[0,1]->[1,9]
[2,1]->[3,4]
[0,2]->[1,3]
====================
[B-3834]->[?]
%%%%%%%%%%%%%%%%%%%%%%%%%%%%%%%%%%%%%%%%%%%%%%%%%%%%%%%%%%%%%%%%%%
[5,2]->[6,3]
[8,3]->[9,2]
[8,2]->[9,1]
[9,4]->[10,0]
[18,2]->[19,0]
[15,3]->[16,3]
[7,2]->[8,0]
[2,0]->[3,2]
[A-4610]->[0,1]
[10,3]->[11,0]
[15,1]->[16,4]
[3,2]->[4,4]
[8,1]->[9,0]
[0,0]->[1,4]
[D-3224]->[0,2]
[11,4]->[12,4]
[10,0]->[11,2]
[14,3]->[15,0]
[12,4]->[13,1]
[17,1]->[18,2]
[9,1]->[10,4]
[2,4]->[3,4]
[4,2]->[5,1]
[16,0]->[17,1]
[1,1]->[2,1]
[11,3]->[12,2]
[18,4]->[19,2]
[13,0]->[14,4]
[5,1]->[6,4]
[8,0]->[9,4]
[9,3]->[10,3]
[15,0]->[16,0]
[16,3]->[17,0]
[14,2]->[15,1]
[12,3]->[13,2]
[11,2]->[12,0]
[0,4]->[1,0]
[E-1644]->[0,4]
[9,0]->[10,1]
[10,4]->[11,3]
[0,1]->[1,1]
[6,2]->[7,1]
[18,1]->[19,3]
[4,3]->[5,4]
[14,1]->[15,4]
[6,4]->[7,4]
[15,2]->[16,2]
[2,3]->[3,0]
[1,4]->[2,2]
[4,4]->[5,3]
[13,1]->[14,2]
[4,0]->[5,2]
[5,0]->[6,1]
[1,2]->[2,4]
[3,4]->[4,2]
[5,4]->[6,2]
[7,4]->[8,3]
[3,3]->[4,1]
[17,0]->[18,0]
[12,2]->[13,0]
[0,3]->[1,3]
[4,1]->[5,0]
[12,1]->[13,4]
[1,0]->[2,0]
[9,2]->[10,2]
[16,4]->[17,4]
[16,2]->[17,3]
[13,4]->[14,3]
[12,0]->[13,3]
[5,3]->[6,0]
[7,1]->[8,1]
[18,3]->[19,4]
[17,3]->[18,4]
[18,0]->[19,1]
[8,4]->[9,3]
[13,2]->[14,1]
[C-8307]->[0,0]
[3,0]->[4,0]
[3,1]->[4,3]
[17,2]->[18,1]
[2,2]->[3,3]
[6,0]->[7,2]
[13,3]->[14,0]
[14,4]->[15,2]
[10,2]->[11,4]
[7,0]->[8,4]
[7,3]->[8,2]
[17,4]->[18,3]
[2,1]->[3,1]
[15,4]->[16,1]
[11,1]->[12,1]
[11,0]->[12,3]
[14,0]->[15,3]
[0,2]->[1,2]
[10,1]->[11,1]
[6,3]->[7,0]
[1,3]->[2,3]
[C-0134]->[0,3]
[6,1]->[7,3]
[16,1]->[17,2]
====================
[C-0134]->[?]
%%%%%%%%%%%%%%%%%%%%%%%%%%%%%%%%%%%%%%%%%%%%%%%%%%%%%%%%%%%%%%%%%%
[7,4]->[8,0]
[E-6301]->[0,0]
[9,5]->[10,0]
[6,4]->[7,5]
[0,1]->[1,4]
[11,3]->[12,1]
[7,1]->[8,3]
[13,5]->[14,1]
[1,4]->[2,3]
[9,0]->[10,4]
[12,0]->[13,1]
[2,4]->[3,2]
[1,5]->[2,4]
[5,3]->[6,2]
[C-7643]->[0,4]
[5,4]->[6,4]
[14,0]->[15,1]
[13,2]->[14,3]
[11,4]->[12,0]
[2,5]->[3,4]
[4,3]->[5,5]
[A-8328]->[0,2]
[13,4]->[14,4]
[3,1]->[4,3]
[8,3]->[9,5]
[9,4]->[10,1]
[8,1]->[9,2]
[10,3]->[11,4]
[13,0]->[14,2]
[5,5]->[6,1]
[14,5]->[15,2]
[B-2514]->[0,1]
[2,2]->[3,5]
[6,3]->[7,2]
[6,0]->[7,0]
[12,4]->[13,3]
[9,2]->[10,5]
[0,2]->[1,0]
[9,3]->[10,3]
[7,2]->[8,4]
[10,1]->[11,5]
[1,0]->[2,0]
[3,4]->[4,5]
[11,0]->[12,5]
[0,4]->[1,1]
[3,5]->[4,2]
[4,0]->[5,3]
[1,1]->[2,2]
[10,0]->[11,0]
[0,3]->[1,3]
[3,3]->[4,1]
[8,2]->[9,4]
[8,4]->[9,1]
[4,5]->[5,0]
[5,2]->[6,5]
[3,2]->[4,4]
[2,0]->[3,0]
[7,5]->[8,2]
[1,3]->[2,5]
[5,1]->[6,3]
[11,2]->[12,4]
[12,2]->[13,5]
[2,3]->[3,3]
[13,1]->[14,0]
[6,5]->[7,1]
[4,1]->[5,2]
[10,2]->[11,2]
[10,4]->[11,3]
[11,5]->[12,2]
[6,2]->[7,4]
[14,1]->[15,4]
[4,2]->[5,4]
[1,2]->[2,1]
[D-8152]->[0,5]
[6,1]->[7,3]
[E-2134]->[0,3]
[3,0]->[4,0]
[2,1]->[3,1]
[0,5]->[1,5]
[8,0]->[9,0]
[12,5]->[13,0]
[7,3]->[8,5]
[12,1]->[13,2]
[4,4]->[5,1]
[14,2]->[15,0]
[14,3]->[15,5]
[14,4]->[15,3]
[11,1]->[12,3]
[10,5]->[11,1]
[13,3]->[14,5]
[8,5]->[9,3]
[0,0]->[1,2]
[9,1]->[10,2]
[12,3]->[13,4]
[7,0]->[8,1]
[5,0]->[6,0]
====================
[E-6301]->[?]
%%%%%%%%%%%%%%%%%%%%%%%%%%%%%%%%%%%%%%%%%%%%%%%%%%%%%%%%%%%%%%%%%%
[D-4533]->[0,3]
[13,0]->[14,4]
[14,4]->[15,0]
[5,3]->[6,0]
[0,4]->[1,0]
[6,1]->[7,2]
[6,6]->[7,4]
[2,2]->[3,5]
[14,7]->[15,3]
[4,4]->[5,6]
[13,1]->[14,0]
[9,0]->[10,2]
[11,1]->[12,7]
[12,6]->[13,3]
[3,4]->[4,3]
[A-8543]->[0,4]
[12,4]->[13,1]
[1,5]->[2,1]
[8,5]->[9,5]
[12,1]->[13,2]
[10,7]->[11,4]
[10,3]->[11,0]
[10,1]->[11,3]
[12,3]->[13,4]
[14,1]->[15,5]
[5,7]->[6,6]
[A-4463]->[0,6]
[9,3]->[10,0]
[6,4]->[7,0]
[3,6]->[4,7]
[8,7]->[9,3]
[4,5]->[5,0]
[1,4]->[2,0]
[10,4]->[11,1]
[5,2]->[6,1]
[5,0]->[6,3]
[F-5056]->[0,5]
[15,3]->[16,3]
[10,0]->[11,6]
[11,4]->[12,5]
[13,7]->[14,6]
[2,6]->[3,3]
[0,7]->[1,7]
[3,0]->[4,4]
[0,6]->[1,3]
[10,2]->[11,5]
[5,4]->[6,2]
[8,0]->[9,7]
[2,4]->[3,4]
[15,1]->[16,5]
[3,5]->[4,5]
[4,2]->[5,7]
[7,3]->[8,3]
[15,7]->[16,6]
[8,2]->[9,2]
[6,7]->[7,1]
[15,5]->[16,0]
[1,6]->[2,2]
[7,6]->[8,6]
[13,3]->[14,1]
[0,5]->[1,2]
[3,3]->[4,6]
[15,0]->[16,2]
[15,4]->[16,1]
[11,5]->[12,0]
[13,4]->[14,2]
[5,5]->[6,7]
[14,5]->[15,2]
[9,6]->[10,3]
[2,3]->[3,2]
[11,3]->[12,2]
[8,6]->[9,4]
[0,3]->[1,6]
[6,0]->[7,6]
[4,1]->[5,2]
[2,0]->[3,1]
[14,2]->[15,6]
[5,1]->[6,4]
[8,3]->[9,0]
[7,5]->[8,0]
[C-7408]->[0,0]
[3,7]->[4,0]
[3,1]->[4,2]
[11,2]->[12,3]
[2,1]->[3,6]
[0,0]->[1,5]
[9,4]->[10,4]
[8,1]->[9,1]
[15,2]->[16,7]
[5,6]->[6,5]
[7,7]->[8,5]
[4,0]->[5,4]
[4,7]->[5,1]
[14,6]->[15,4]
[6,5]->[7,7]
[9,2]->[10,1]
[8,4]->[9,6]
[0,1]->[1,1]
[7,4]->[8,2]
[7,0]->[8,4]
[15,6]->[16,4]
[4,3]->[5,5]
[6,3]->[7,3]
[2,7]->[3,7]
[13,6]->[14,5]
[12,5]->[13,5]
[1,1]->[2,5]
[9,5]->[10,6]
[1,7]->[2,4]
[6,2]->[7,5]
[11,7]->[12,4]
[13,5]->[14,3]
[13,2]->[14,7]
[12,2]->[13,6]
[C-2473]->[0,7]
[12,7]->[13,7]
[12,0]->[13,0]
[3,2]->[4,1]
[11,0]->[12,1]
[9,1]->[10,5]
[10,5]->[11,7]
[1,0]->[2,7]
[14,3]->[15,1]
[7,2]->[8,7]
[2,5]->[3,0]
[9,7]->[10,7]
[1,2]->[2,3]
[1,3]->[2,6]
[14,0]->[15,7]
[4,6]->[5,3]
[C-7613]->[0,1]
[10,6]->[11,2]
[0,2]->[1,4]
[7,1]->[8,1]
[A-4022]->[0,2]
[11,6]->[12,6]
====================
[D-4533]->[?]
%%%%%%%%%%%%%%%%%%%%%%%%%%%%%%%%%%%%%%%%%%%%%%%%%%%%%%%%%%%%%%%%%%
[2,6]->[3,4]
[9,6]->[10,2]
[7,1]->[8,6]
[10,4]->[11,1]
[C-0700]->[0,0]
[11,4]->[12,5]
[1,6]->[2,5]
[11,2]->[12,0]
[8,6]->[9,5]
[2,3]->[3,0]
[8,1]->[9,6]
[3,3]->[4,2]
[10,5]->[11,4]
[5,4]->[6,4]
[3,5]->[4,0]
[5,5]->[6,0]
[7,2]->[8,3]
[2,5]->[3,5]
[5,6]->[6,6]
[10,6]->[11,6]
[C-3467]->[0,6]
[1,4]->[2,3]
[9,5]->[10,0]
[4,0]->[5,2]
[0,6]->[1,1]
[4,6]->[5,4]
[4,4]->[5,6]
[4,3]->[5,5]
[2,0]->[3,3]
[11,5]->[12,3]
[B-1752]->[0,5]
[4,1]->[5,1]
[6,0]->[7,1]
[9,1]->[10,5]
[8,0]->[9,3]
[1,3]->[2,6]
[1,0]->[2,2]
[0,3]->[1,3]
[4,2]->[5,0]
[9,2]->[10,6]
[4,5]->[5,3]
[1,2]->[2,0]
[5,1]->[6,1]
[3,2]->[4,5]
[2,2]->[3,1]
[5,2]->[6,5]
[9,3]->[10,3]
[8,4]->[9,0]
[7,5]->[8,1]
[2,4]->[3,6]
[7,0]->[8,2]
[10,1]->[11,5]
[F-6548]->[0,4]
[D-2026]->[0,2]
[3,1]->[4,6]
[0,2]->[1,0]
[7,4]->[8,0]
[0,1]->[1,4]
[1,1]->[2,4]
[6,6]->[7,2]
[2,1]->[3,2]
[5,3]->[6,2]
[0,5]->[1,2]
[5,0]->[6,3]
[3,6]->[4,1]
[9,0]->[10,4]
[11,3]->[12,2]
[0,0]->[1,5]
[9,4]->[10,1]
[10,3]->[11,3]
[11,1]->[12,6]
[7,3]->[8,4]
[8,3]->[9,2]
[11,0]->[12,1]
[C-0613]->[0,1]
[6,2]->[7,0]
[3,4]->[4,4]
[0,4]->[1,6]
[6,3]->[7,5]
[6,5]->[7,3]
[3,0]->[4,3]
[10,2]->[11,2]
[8,2]->[9,1]
[11,6]->[12,4]
[8,5]->[9,4]
[F-6830]->[0,3]
[1,5]->[2,1]
[10,0]->[11,0]
[6,4]->[7,4]
[7,6]->[8,5]
[6,1]->[7,6]
====================
[C-3467]->[?]
%%%%%%%%%%%%%%%%%%%%%%%%%%%%%%%%%%%%%%%%%%%%%%%%%%%%%%%%%%%%%%%%%%
[11,4]->[12,5]
[11,0]->[12,0]
[13,3]->[14,4]
[6,0]->[7,0]
[1,4]->[2,2]
[2,3]->[3,2]
[10,3]->[11,0]
[4,5]->[5,1]
[4,1]->[5,2]
[12,2]->[13,4]
[0,3]->[1,0]
[5,0]->[6,0]
[11,5]->[12,2]
[5,1]->[6,5]
[7,1]->[8,5]
[15,4]->[16,5]
[11,1]->[12,4]
[7,2]->[8,3]
[10,1]->[11,1]
[14,5]->[15,3]
[5,5]->[6,4]
[14,1]->[15,0]
[3,5]->[4,3]
[8,1]->[9,0]
[9,5]->[10,2]
[9,4]->[10,3]
[9,3]->[10,5]
[2,1]->[3,3]
[5,3]->[6,1]
[4,3]->[5,0]
[6,1]->[7,3]
[12,5]->[13,3]
[15,1]->[16,2]
[6,2]->[7,5]
[B-0442]->[0,4]
[0,0]->[1,1]
[13,4]->[14,3]
[13,2]->[14,5]
[3,2]->[4,0]
[12,4]->[13,5]
[1,5]->[2,4]
[15,2]->[16,1]
[7,5]->[8,4]
[2,0]->[3,1]
[6,3]->[7,4]
[3,3]->[4,2]
[14,4]->[15,1]
[10,4]->[11,2]
[9,0]->[10,1]
[14,0]->[15,4]
[15,5]->[16,4]
[B-7322]->[0,2]
[0,1]->[1,2]
[13,5]->[14,0]
[1,1]->[2,3]
[4,0]->[5,4]
[10,5]->[11,4]
[7,3]->[8,0]
[8,5]->[9,1]
[4,4]->[5,5]
[3,1]->[4,4]
[13,1]->[14,1]
[11,3]->[12,3]
[14,2]->[15,2]
[2,2]->[3,4]
[15,0]->[16,0]
[8,0]->[9,5]
[0,5]->[1,3]
[0,2]->[1,5]
[5,2]->[6,2]
[D-1355]->[0,5]
[8,3]->[9,3]
[6,4]->[7,2]
[7,0]->[8,1]
[15,3]->[16,3]
[4,2]->[5,3]
[1,0]->[2,5]
[13,0]->[14,2]
[C-6804]->[0,0]
[9,1]->[10,0]
[12,0]->[13,0]
[12,3]->[13,2]
[E-2016]->[0,1]
[3,0]->[4,1]
[2,5]->[3,0]
[8,2]->[9,4]
[14,3]->[15,5]
[12,1]->[13,1]
[0,4]->[1,4]
[2,4]->[3,5]
[1,2]->[2,1]
[10,2]->[11,3]
[11,2]->[12,1]
[6,5]->[7,1]
[9,2]->[10,4]
[C-4835]->[0,3]
[8,4]->[9,2]
[5,4]->[6,3]
[1,3]->[2,0]
[7,4]->[8,2]
[10,0]->[11,5]
[3,4]->[4,5]
====================
[D-1355]->[?]
%%%%%%%%%%%%%%%%%%%%%%%%%%%%%%%%%%%%%%%%%%%%%%%%%%%%%%%%%%%%%%%%%%
[3,5]->[4,9]
[10,2]->[11,4]
[8,5]->[9,10]
[0,8]->[1,0]
[8,3]->[9,2]
[3,1]->[4,3]
[1,2]->[2,10]
[4,7]->[5,9]
[5,10]->[6,2]
[9,2]->[10,9]
[1,6]->[2,9]
[11,0]->[12,3]
[0,9]->[1,10]
[7,9]->[8,8]
[10,5]->[11,9]
[7,2]->[8,2]
[6,8]->[7,2]
[6,9]->[7,8]
[7,10]->[8,1]
[2,8]->[3,7]
[10,7]->[11,7]
[9,3]->[10,6]
[2,5]->[3,0]
[6,4]->[7,1]
[10,10]->[11,2]
[1,9]->[2,6]
[2,10]->[3,3]
[11,10]->[12,7]
[0,5]->[1,7]
[D-4765]->[0,6]
[10,3]->[11,8]
[C-7882]->[0,8]
[10,0]->[11,10]
[2,1]->[3,9]
[6,7]->[7,7]
[0,1]->[1,4]
[2,3]->[3,8]
[1,8]->[2,4]
[0,6]->[1,6]
[F-0301]->[0,0]
[4,2]->[5,1]
[C-4135]->[0,3]
[1,10]->[2,5]
[B-0793]->[0,9]
[9,8]->[10,4]
[7,8]->[8,4]
[8,4]->[9,7]
[4,3]->[5,6]
[6,2]->[7,10]
[5,0]->[6,1]
[11,9]->[12,10]
[2,9]->[3,10]
[6,6]->[7,6]
[7,6]->[8,6]
[9,10]->[10,5]
[11,6]->[12,5]
[9,9]->[10,8]
[9,7]->[10,0]
[8,2]->[9,6]
[11,4]->[12,6]
[5,1]->[6,9]
[4,8]->[5,2]
[1,4]->[2,1]
[10,4]->[11,5]
[5,4]->[6,10]
[2,2]->[3,2]
[6,1]->[7,9]
[9,0]->[10,2]
[0,7]->[1,8]
[2,7]->[3,4]
[7,7]->[8,7]
[1,1]->[2,3]
[C-8176]->[0,7]
[10,8]->[11,1]
[3,0]->[4,1]
[8,7]->[9,9]
[8,10]->[9,8]
[5,5]->[6,7]
[3,6]->[4,6]
[11,8]->[12,4]
[D-8220]->[0,2]
[0,3]->[1,3]
[9,5]->[10,3]
[4,5]->[5,7]
[4,0]->[5,0]
[1,0]->[2,2]
[A-4443]->[0,4]
[11,3]->[12,1]
[4,1]->[5,8]
[7,4]->[8,9]
[1,5]->[2,0]
[5,8]->[6,4]
[11,2]->[12,2]
[0,4]->[1,1]
[8,8]->[9,0]
[4,10]->[5,10]
[8,9]->[9,3]
[5,2]->[6,3]
[E-6456]->[0,5]
[2,4]->[3,1]
[7,0]->[8,3]
[6,0]->[7,3]
[3,8]->[4,2]
[6,10]->[7,5]
[8,0]->[9,1]
[10,6]->[11,3]
[6,5]->[7,4]
[1,7]->[2,7]
[3,4]->[4,0]
[11,5]->[12,9]
[9,4]->[10,7]
[E-7410]->[0,1]
[11,1]->[12,8]
[5,3]->[6,5]
[7,3]->[8,5]
[3,9]->[4,8]
[8,6]->[9,5]
[0,10]->[1,2]
[3,10]->[4,5]
[0,0]->[1,5]
[6,3]->[7,0]
[7,1]->[8,10]
[C-17100]->[0,10]
[3,3]->[4,7]
[11,7]->[12,0]
[9,6]->[10,10]
[7,5]->[8,0]
[10,1]->[11,6]
[0,2]->[1,9]
[5,9]->[6,6]
[5,7]->[6,0]
[2,6]->[3,6]
[10,9]->[11,0]
[1,3]->[2,8]
[3,2]->[4,4]
[2,0]->[3,5]
[9,1]->[10,1]
[8,1]->[9,4]
[4,9]->[5,5]
[3,7]->[4,10]
[4,6]->[5,4]
[4,4]->[5,3]
[5,6]->[6,8]
====================
[B-0793]->[?]
%%%%%%%%%%%%%%%%%%%%%%%%%%%%%%%%%%%%%%%%%%%%%%%%%%%%%%%%%%%%%%%%%%
[7,5]->[8,3]
[C-2112]->[0,1]
[13,2]->[14,4]
[4,0]->[5,3]
[1,5]->[2,0]
[20,3]->[21,5]
[12,3]->[13,3]
[4,3]->[5,0]
[9,5]->[10,5]
[0,2]->[1,3]
[20,2]->[21,1]
[10,2]->[11,2]
[1,0]->[2,2]
[12,0]->[13,1]
[8,0]->[9,3]
[16,3]->[17,4]
[6,2]->[7,3]
[14,5]->[15,0]
[14,1]->[15,4]
[16,2]->[17,5]
[3,5]->[4,4]
[6,0]->[7,5]
[15,4]->[16,5]
[16,4]->[17,0]
[20,0]->[21,3]
[5,3]->[6,2]
[6,5]->[7,4]
[15,0]->[16,4]
[19,1]->[20,5]
[20,4]->[21,4]
[7,0]->[8,1]
[19,5]->[20,3]
[2,0]->[3,4]
[6,1]->[7,2]
[12,4]->[13,4]
[18,0]->[19,2]
[17,3]->[18,4]
[10,3]->[11,5]
[13,4]->[14,2]
[17,1]->[18,0]
[8,5]->[9,5]
[8,2]->[9,1]
[18,5]->[19,0]
[13,1]->[14,0]
[2,2]->[3,0]
[3,2]->[4,1]
[8,1]->[9,0]
[16,0]->[17,1]
[8,4]->[9,4]
[8,3]->[9,2]
[11,1]->[12,3]
[7,1]->[8,2]
[20,5]->[21,0]
[3,3]->[4,5]
[2,5]->[3,3]
[1,2]->[2,3]
[10,0]->[11,0]
[3,4]->[4,2]
[15,2]->[16,1]
[4,1]->[5,2]
[9,0]->[10,4]
[17,4]->[18,5]
[4,2]->[5,1]
[14,4]->[15,1]
[10,1]->[11,4]
[1,3]->[2,4]
[15,3]->[16,2]
[14,2]->[15,5]
[20,1]->[21,2]
[7,3]->[8,5]
[2,4]->[3,2]
[0,0]->[1,0]
[0,1]->[1,1]
[17,5]->[18,3]
[18,2]->[19,3]
[18,4]->[19,1]
[0,5]->[1,2]
[11,4]->[12,2]
[1,1]->[2,1]
[7,2]->[8,0]
[B-4256]->[0,5]
[7,4]->[8,4]
[6,3]->[7,0]
[1,4]->[2,5]
[6,4]->[7,1]
[16,5]->[17,3]
[C-8735]->[0,3]
[13,3]->[14,1]
[10,4]->[11,1]
[15,5]->[16,0]
[11,5]->[12,1]
[17,2]->[18,1]
[2,1]->[3,5]
[9,3]->[10,1]
[5,4]->[6,1]
[5,0]->[6,5]
[19,4]->[20,2]
[9,1]->[10,0]
[13,0]->[14,5]
[19,3]->[20,4]
[12,1]->[13,0]
[0,4]->[1,4]
[17,0]->[18,2]
[0,3]->[1,5]
[2,3]->[3,1]
[15,1]->[16,3]
[11,3]->[12,4]
[9,4]->[10,3]
[16,1]->[17,2]
[5,1]->[6,0]
[C-0123]->[0,2]
[12,2]->[13,5]
[5,5]->[6,3]
[3,1]->[4,3]
[4,5]->[5,4]
[4,4]->[5,5]
[9,2]->[10,2]
[14,0]->[15,2]
[13,5]->[14,3]
[11,2]->[12,5]
[3,0]->[4,0]
[11,0]->[12,0]
[10,5]->[11,3]
[5,2]->[6,4]
[19,2]->[20,0]
[18,1]->[19,4]
[C-5805]->[0,0]
[12,5]->[13,2]
[E-8747]->[0,4]
[18,3]->[19,5]
[19,0]->[20,1]
[14,3]->[15,3]
====================
[C-5805]->[?]
%%%%%%%%%%%%%%%%%%%%%%%%%%%%%%%%%%%%%%%%%%%%%%%%%%%%%%%%%%%%%%%%%%
[2,2]->[3,1]
[7,1]->[8,2]
[4,4]->[5,1]
[4,0]->[5,2]
[14,2]->[15,1]
[6,3]->[7,2]
[3,1]->[4,3]
[14,0]->[15,2]
[6,0]->[7,3]
[1,0]->[2,4]
[4,1]->[5,4]
[D-5306]->[0,0]
[1,2]->[2,3]
[13,4]->[14,0]
[15,2]->[16,2]
[8,0]->[9,2]
[0,3]->[1,1]
[11,1]->[12,0]
[15,0]->[16,0]
[C-3522]->[0,2]
[12,1]->[13,1]
[12,3]->[13,3]
[7,2]->[8,3]
[13,0]->[14,3]
[2,1]->[3,0]
[6,4]->[7,0]
[15,3]->[16,4]
[5,1]->[6,1]
[9,0]->[10,3]
[13,1]->[14,1]
[9,1]->[10,2]
[3,2]->[4,2]
[5,2]->[6,0]
[3,4]->[4,4]
[7,4]->[8,0]
[3,3]->[4,1]
[1,4]->[2,2]
[13,2]->[14,4]
[12,0]->[13,0]
[11,0]->[12,2]
[14,3]->[15,4]
[2,4]->[3,4]
[10,1]->[11,4]
[11,4]->[12,1]
[4,3]->[5,3]
[5,0]->[6,2]
[7,0]->[8,4]
[14,1]->[15,3]
[0,1]->[1,4]
[4,2]->[5,0]
[8,1]->[9,1]
[10,3]->[11,1]
[14,4]->[15,0]
[13,3]->[14,2]
[A-8846]->[0,4]
[12,2]->[13,4]
[11,3]->[12,4]
[2,3]->[3,3]
[5,4]->[6,4]
[8,4]->[9,4]
[9,2]->[10,4]
[10,4]->[11,2]
[6,1]->[7,1]
[12,4]->[13,2]
[15,4]->[16,3]
[11,2]->[12,3]
[2,0]->[3,2]
[16,3]->[17,0]
[8,2]->[9,3]
[16,2]->[17,3]
[16,4]->[17,2]
[C-2537]->[0,3]
[0,2]->[1,3]
[10,0]->[11,3]
[15,1]->[16,1]
[16,0]->[17,1]
[16,1]->[17,4]
[8,3]->[9,0]
[10,2]->[11,0]
[9,3]->[10,1]
[6,2]->[7,4]
[1,1]->[2,0]
[5,3]->[6,3]
[0,4]->[1,2]
[1,3]->[2,1]
[0,0]->[1,0]
[9,4]->[10,0]
[D-0218]->[0,1]
[7,3]->[8,1]
[3,0]->[4,0]
====================
[C-3522]->[?]
%%%%%%%%%%%%%%%%%%%%%%%%%%%%%%%%%%%%%%%%%%%%%%%%%%%%%%%%%%%%%%%%%%
[2,5]->[3,4]
[4,8]->[5,7]
[2,1]->[3,8]
[8,9]->[9,9]
[4,7]->[5,6]
[3,2]->[4,6]
[F-2668]->[0,6]
[3,6]->[4,3]
[6,6]->[7,2]
[4,5]->[5,9]
[D-5433]->[0,3]
[0,9]->[1,3]
[4,1]->[5,4]
[4,6]->[5,1]
[1,6]->[2,2]
[0,5]->[1,5]
[A-2473]->[0,7]
[A-7015]->[0,1]
[10,9]->[11,2]
[6,9]->[7,3]
[9,8]->[10,2]
[4,2]->[5,2]
[7,1]->[8,3]
[10,6]->[11,9]
[6,2]->[7,5]
[4,3]->[5,8]
[8,8]->[9,1]
[8,5]->[9,5]
[0,6]->[1,6]
[3,1]->[4,8]
[9,9]->[10,8]
[5,9]->[6,4]
[0,4]->[1,2]
[10,4]->[11,6]
[1,7]->[2,8]
[2,9]->[3,1]
[10,7]->[11,5]
[1,8]->[2,9]
[10,5]->[11,1]
[9,1]->[10,7]
[9,4]->[10,4]
[3,8]->[4,1]
[7,4]->[8,1]
[8,6]->[9,2]
[1,3]->[2,6]
[9,7]->[10,9]
[9,2]->[10,1]
[5,5]->[6,1]
[10,3]->[11,0]
[4,9]->[5,5]
[0,2]->[1,9]
[F-7384]->[0,8]
[3,9]->[4,9]
[7,9]->[8,4]
[6,1]->[7,0]
[3,3]->[4,4]
[7,6]->[8,5]
[7,3]->[8,2]
[8,1]->[9,0]
[7,5]->[8,6]
[7,0]->[8,8]
[E-5345]->[0,4]
[5,1]->[6,6]
[1,2]->[2,1]
[0,7]->[1,8]
[3,0]->[4,0]
[F-0408]->[0,0]
[0,1]->[1,0]
[8,7]->[9,4]
[5,4]->[6,2]
[8,0]->[9,6]
[6,0]->[7,7]
[7,8]->[8,9]
[2,4]->[3,2]
[2,8]->[3,6]
[5,3]->[6,7]
[5,2]->[6,8]
[7,7]->[8,0]
[6,7]->[7,4]
[7,2]->[8,7]
[9,6]->[10,3]
[1,0]->[2,5]
[2,0]->[3,5]
[10,2]->[11,3]
[1,4]->[2,0]
[5,7]->[6,9]
[9,5]->[10,0]
[0,8]->[1,4]
[10,8]->[11,7]
[1,5]->[2,4]
[3,7]->[4,5]
[0,0]->[1,1]
[6,8]->[7,1]
[F-6398]->[0,9]
[8,2]->[9,3]
[9,0]->[10,5]
[4,0]->[5,3]
[8,3]->[9,8]
[1,9]->[2,3]
[0,3]->[1,7]
[3,4]->[4,2]
[2,6]->[3,7]
[2,3]->[3,9]
[5,6]->[6,3]
[6,5]->[7,6]
[10,1]->[11,8]
[9,3]->[10,6]
[A-4826]->[0,2]
[2,2]->[3,3]
[1,1]->[2,7]
[3,5]->[4,7]
[10,0]->[11,4]
[4,4]->[5,0]
[6,3]->[7,8]
[6,4]->[7,9]
[5,8]->[6,0]
[2,7]->[3,0]
[5,0]->[6,5]
[C-8858]->[0,5]
[8,4]->[9,7]
====================
[A-7015]->[?]
%%%%%%%%%%%%%%%%%%%%%%%%%%%%%%%%%%%%%%%%%%%%%%%%%%%%%%%%%%%%%%%%%%
[0,3]->[1,0]
[3,4]->[4,0]
[8,2]->[9,0]
[E-8017]->[0,1]
[7,0]->[8,6]
[6,1]->[7,5]
[18,0]->[19,3]
[F-4450]->[0,5]
[1,4]->[2,6]
[7,3]->[8,4]
[2,5]->[3,2]
[18,2]->[19,5]
[8,6]->[9,2]
[19,6]->[20,4]
[17,5]->[18,1]
[20,1]->[21,3]
[15,6]->[16,5]
[4,0]->[5,4]
[14,6]->[15,4]
[17,3]->[18,2]
[9,3]->[10,0]
[16,3]->[17,4]
[9,6]->[10,3]
[0,1]->[1,4]
[11,5]->[12,1]
[2,6]->[3,5]
[16,2]->[17,0]
[0,4]->[1,3]
[19,3]->[20,6]
[13,4]->[14,5]
[3,6]->[4,4]
[18,5]->[19,6]
[11,0]->[12,0]
[6,3]->[7,6]
[2,1]->[3,0]
[19,1]->[20,2]
[12,4]->[13,3]
[13,5]->[14,2]
[3,2]->[4,6]
[1,3]->[2,4]
[4,2]->[5,6]
[12,3]->[13,5]
[0,2]->[1,6]
[8,1]->[9,6]
[19,2]->[20,5]
[10,2]->[11,3]
[E-7226]->[0,2]
[6,0]->[7,0]
[10,1]->[11,4]
[0,5]->[1,5]
[14,0]->[15,2]
[15,2]->[16,6]
[13,0]->[14,0]
[8,4]->[9,4]
[20,0]->[21,1]
[13,2]->[14,4]
[0,0]->[1,1]
[18,6]->[19,2]
[4,3]->[5,5]
[18,1]->[19,4]
[10,3]->[11,0]
[6,5]->[7,3]
[3,0]->[4,1]
[17,1]->[18,0]
[8,0]->[9,1]
[14,4]->[15,6]
[E-8346]->[0,4]
[5,0]->[6,4]
[13,3]->[14,1]
[14,1]->[15,0]
[10,6]->[11,2]
[4,6]->[5,0]
[9,0]->[10,2]
[1,5]->[2,3]
[5,1]->[6,0]
[7,4]->[8,0]
[7,6]->[8,1]
[12,0]->[13,2]
[9,2]->[10,5]
[15,4]->[16,0]
[20,2]->[21,6]
[2,4]->[3,3]
[3,5]->[4,3]
[14,5]->[15,3]
[11,6]->[12,6]
[10,5]->[11,1]
[11,1]->[12,2]
[19,5]->[20,3]
[18,4]->[19,1]
[17,6]->[18,5]
[16,4]->[17,3]
[2,2]->[3,4]
[19,0]->[20,0]
[16,1]->[17,6]
[17,2]->[18,6]
[16,5]->[17,2]
[17,4]->[18,4]
[7,1]->[8,3]
[4,4]->[5,2]
[5,2]->[6,6]
[9,4]->[10,6]
[1,1]->[2,0]
[20,5]->[21,5]
[12,1]->[13,4]
[5,3]->[6,2]
[13,6]->[14,6]
[15,5]->[16,3]
[10,0]->[11,5]
[19,4]->[20,1]
[0,6]->[1,2]
[11,4]->[12,4]
[4,1]->[5,1]
[8,3]->[9,5]
[3,3]->[4,2]
[1,6]->[2,2]
[16,6]->[17,5]
[5,4]->[6,5]
[4,5]->[5,3]
[2,3]->[3,1]
[2,0]->[3,6]
[12,2]->[13,1]
[5,5]->[6,3]
[6,6]->[7,1]
[9,1]->[10,1]
[17,0]->[18,3]
[11,3]->[12,5]
[15,0]->[16,2]
[E-4608]->[0,0]
[20,3]->[21,2]
[5,6]->[6,1]
[12,5]->[13,0]
[14,3]->[15,1]
[F-8767]->[0,6]
[3,1]->[4,5]
[20,4]->[21,0]
[15,3]->[16,4]
[11,2]->[12,3]
[6,4]->[7,4]
[6,2]->[7,2]
[7,5]->[8,5]
[E-8235]->[0,3]
[9,5]->[10,4]
[13,1]->[14,3]
[12,6]->[13,6]
[8,5]->[9,3]
[16,0]->[17,1]
[14,2]->[15,5]
[7,2]->[8,2]
[18,3]->[19,0]
[15,1]->[16,1]
[10,4]->[11,6]
[20,6]->[21,4]
[1,0]->[2,1]
[1,2]->[2,5]
====================
[F-4450]->[?]
%%%%%%%%%%%%%%%%%%%%%%%%%%%%%%%%%%%%%%%%%%%%%%%%%%%%%%%%%%%%%%%%%%
[9,1]->[10,0]
[3,0]->[4,7]
[2,7]->[3,7]
[1,1]->[2,5]
[12,2]->[13,5]
[5,2]->[6,2]
[3,2]->[4,2]
[6,7]->[7,5]
[12,4]->[13,6]
[4,4]->[5,6]
[4,0]->[5,0]
[B-0526]->[0,2]
[8,7]->[9,5]
[10,4]->[11,3]
[5,3]->[6,5]
[9,2]->[10,4]
[12,1]->[13,4]
[0,2]->[1,4]
[2,0]->[3,0]
[11,1]->[12,7]
[10,5]->[11,2]
[11,6]->[12,0]
[12,5]->[13,7]
[1,3]->[2,2]
[11,7]->[12,4]
[0,3]->[1,6]
[A-4075]->[0,7]
[10,2]->[11,4]
[4,6]->[5,4]
[5,6]->[6,1]
[6,2]->[7,4]
[0,5]->[1,0]
[6,4]->[7,3]
[2,6]->[3,5]
[7,7]->[8,3]
[3,5]->[4,4]
[11,5]->[12,2]
[7,3]->[8,6]
[0,4]->[1,2]
[3,7]->[4,3]
[11,4]->[12,3]
[4,2]->[5,3]
[A-3760]->[0,6]
[10,3]->[11,1]
[10,7]->[11,5]
[F-3315]->[0,1]
[7,5]->[8,2]
[9,7]->[10,7]
[8,5]->[9,6]
[5,1]->[6,4]
[1,7]->[2,4]
[8,6]->[9,2]
[5,5]->[6,7]
[6,0]->[7,1]
[1,5]->[2,0]
[7,4]->[8,4]
[2,1]->[3,4]
[2,4]->[3,3]
[5,4]->[6,0]
[8,1]->[9,4]
[4,5]->[5,5]
[7,6]->[8,5]
[7,1]->[8,0]
[12,0]->[13,1]
[10,1]->[11,6]
[12,6]->[13,2]
[8,3]->[9,3]
[0,0]->[1,1]
[5,7]->[6,6]
[4,7]->[5,2]
[6,6]->[7,6]
[6,3]->[7,0]
[6,5]->[7,7]
[9,3]->[10,5]
[1,2]->[2,1]
[C-3246]->[0,4]
[8,0]->[9,7]
[11,3]->[12,5]
[12,7]->[13,0]
[0,6]->[1,5]
[11,0]->[12,1]
[7,2]->[8,7]
[10,6]->[11,7]
[0,7]->[1,7]
[9,5]->[10,6]
[2,2]->[3,6]
[B-5307]->[0,0]
[1,0]->[2,6]
[4,3]->[5,1]
[9,0]->[10,1]
[2,3]->[3,1]
[3,3]->[4,0]
[D-1754]->[0,5]
[1,4]->[2,3]
[8,2]->[9,1]
[4,1]->[5,7]
[D-1035]->[0,3]
[3,1]->[4,6]
[9,6]->[10,2]
[10,0]->[11,0]
[12,3]->[13,3]
[0,1]->[1,3]
[1,6]->[2,7]
[8,4]->[9,0]
[11,2]->[12,6]
[3,4]->[4,1]
[5,0]->[6,3]
[6,1]->[7,2]
[9,4]->[10,3]
[2,5]->[3,2]
[3,6]->[4,5]
[7,0]->[8,1]
====================
[A-4075]->[?]
%%%%%%%%%%%%%%%%%%%%%%%%%%%%%%%%%%%%%%%%%%%%%%%%%%%%%%%%%%%%%%%%%%
[5,1]->[6,3]
[0,4]->[1,0]
[12,4]->[13,4]
[5,4]->[6,4]
[13,4]->[14,2]
[4,3]->[5,3]
[4,1]->[5,2]
[8,4]->[9,0]
[13,0]->[14,0]
[5,2]->[6,0]
[10,1]->[11,2]
[11,3]->[12,1]
[14,0]->[15,3]
[6,1]->[7,0]
[0,2]->[1,3]
[0,3]->[1,2]
[9,2]->[10,1]
[5,0]->[6,2]
[7,3]->[8,2]
[A-1037]->[0,3]
[9,4]->[10,4]
[15,1]->[16,1]
[14,4]->[15,0]
[1,4]->[2,4]
[7,0]->[8,4]
[10,2]->[11,4]
[15,0]->[16,2]
[12,3]->[13,3]
[D-0814]->[0,1]
[E-4107]->[0,0]
[3,3]->[4,1]
[9,3]->[10,0]
[14,3]->[15,2]
[9,0]->[10,2]
[11,0]->[12,2]
[2,1]->[3,4]
[4,4]->[5,1]
[6,3]->[7,2]
[8,0]->[9,4]
[4,2]->[5,4]
[15,4]->[16,3]
[7,2]->[8,3]
[14,1]->[15,4]
[7,4]->[8,0]
[11,2]->[12,4]
[1,0]->[2,2]
[8,3]->[9,1]
[12,2]->[13,1]
[A-5421]->[0,2]
[3,2]->[4,3]
[0,0]->[1,1]
[1,1]->[2,0]
[4,0]->[5,0]
[6,0]->[7,3]
[10,4]->[11,0]
[2,2]->[3,2]
[3,1]->[4,4]
[10,3]->[11,1]
[10,0]->[11,3]
[11,1]->[12,0]
[14,2]->[15,1]
[8,2]->[9,2]
[12,1]->[13,0]
[13,1]->[14,4]
[5,3]->[6,1]
[2,4]->[3,0]
[3,4]->[4,0]
[15,2]->[16,0]
[A-3641]->[0,4]
[13,2]->[14,1]
[6,2]->[7,4]
[1,3]->[2,1]
[1,2]->[2,3]
[0,1]->[1,4]
[3,0]->[4,2]
[11,4]->[12,3]
[2,0]->[3,3]
[13,3]->[14,3]
[15,3]->[16,4]
[9,1]->[10,3]
[2,3]->[3,1]
[8,1]->[9,3]
[7,1]->[8,1]
[12,0]->[13,2]
[6,4]->[7,1]
====================
[A-5421]->[?]
%%%%%%%%%%%%%%%%%%%%%%%%%%%%%%%%%%%%%%%%%%%%%%%%%%%%%%%%%%%%%%%%%%
[10,6]->[11,0]
[3,0]->[4,2]
[8,1]->[9,6]
[2,1]->[3,2]
[5,0]->[6,2]
[F-6614]->[0,1]
[10,1]->[11,6]
[9,5]->[10,6]
[7,0]->[8,2]
[11,2]->[12,3]
[E-3844]->[0,4]
[0,5]->[1,0]
[10,5]->[11,3]
[7,5]->[8,6]
[8,0]->[9,0]
[0,1]->[1,6]
[5,3]->[6,6]
[6,6]->[7,3]
[A-8800]->[0,0]
[9,4]->[10,4]
[2,0]->[3,6]
[1,0]->[2,4]
[8,3]->[9,2]
[4,4]->[5,1]
[1,6]->[2,6]
[1,4]->[2,0]
[9,3]->[10,1]
[3,5]->[4,6]
[6,3]->[7,1]
[1,2]->[2,1]
[6,5]->[7,4]
[9,6]->[10,0]
[7,1]->[8,5]
[11,1]->[12,2]
[6,2]->[7,5]
[6,0]->[7,6]
[3,1]->[4,1]
[6,4]->[7,0]
[5,5]->[6,0]
[C-4620]->[0,2]
[9,2]->[10,5]
[11,0]->[12,1]
[11,5]->[12,0]
[1,5]->[2,3]
[0,4]->[1,1]
[3,6]->[4,0]
[3,3]->[4,3]
[0,3]->[1,3]
[8,6]->[9,4]
[0,2]->[1,4]
[5,2]->[6,3]
[2,3]->[3,5]
[7,3]->[8,4]
[4,1]->[5,3]
[8,2]->[9,5]
[7,2]->[8,3]
[10,3]->[11,5]
[4,5]->[5,6]
[4,0]->[5,0]
[5,6]->[6,5]
[4,2]->[5,4]
[10,4]->[11,1]
[1,3]->[2,5]
[3,4]->[4,4]
[6,1]->[7,2]
[3,2]->[4,5]
[11,3]->[12,6]
[0,6]->[1,5]
[5,1]->[6,4]
[8,4]->[9,1]
[11,6]->[12,5]
[D-6168]->[0,6]
[9,1]->[10,3]
[2,2]->[3,4]
[4,3]->[5,5]
[5,4]->[6,1]
[4,6]->[5,2]
[10,2]->[11,4]
[8,5]->[9,3]
[11,4]->[12,4]
[10,0]->[11,2]
[9,0]->[10,2]
[0,0]->[1,2]
[7,4]->[8,0]
[7,6]->[8,1]
[2,6]->[3,3]
[B-2858]->[0,5]
[2,4]->[3,0]
[1,1]->[2,2]
[2,5]->[3,1]
[D-4034]->[0,3]
====================
[B-2858]->[?]
%%%%%%%%%%%%%%%%%%%%%%%%%%%%%%%%%%%%%%%%%%%%%%%%%%%%%%%%%%%%%%%%%%
[0,3]->[1,4]
[5,3]->[6,5]
[13,4]->[14,3]
[1,5]->[2,3]
[9,1]->[10,1]
[11,3]->[12,4]
[0,4]->[1,0]
[6,1]->[7,6]
[8,3]->[9,5]
[0,6]->[1,6]
[7,6]->[8,6]
[5,2]->[6,1]
[1,6]->[2,1]
[1,3]->[2,6]
[14,2]->[15,4]
[6,5]->[7,0]
[1,4]->[2,4]
[10,1]->[11,6]
[14,0]->[15,0]
[7,4]->[8,2]
[6,0]->[7,1]
[B-6632]->[0,3]
[4,6]->[5,5]
[2,5]->[3,2]
[6,4]->[7,4]
[2,4]->[3,0]
[10,5]->[11,3]
[10,6]->[11,0]
[14,1]->[15,3]
[4,1]->[5,1]
[7,0]->[8,4]
[7,5]->[8,1]
[5,5]->[6,6]
[5,0]->[6,2]
[4,2]->[5,6]
[13,2]->[14,4]
[3,1]->[4,6]
[3,4]->[4,0]
[14,6]->[15,5]
[9,2]->[10,3]
[8,2]->[9,1]
[10,2]->[11,2]
[14,4]->[15,6]
[6,6]->[7,3]
[2,3]->[3,3]
[8,1]->[9,0]
[5,1]->[6,0]
[10,3]->[11,1]
[1,1]->[2,5]
[13,0]->[14,5]
[11,2]->[12,1]
[0,5]->[1,2]
[13,5]->[14,6]
[14,5]->[15,1]
[14,3]->[15,2]
[10,4]->[11,5]
[C-0666]->[0,6]
[13,6]->[14,0]
[8,4]->[9,4]
[12,2]->[13,3]
[1,0]->[2,0]
[8,0]->[9,2]
[2,1]->[3,1]
[6,3]->[7,5]
[7,2]->[8,0]
[12,3]->[13,5]
[5,6]->[6,4]
[7,1]->[8,5]
[9,4]->[10,2]
[5,4]->[6,3]
[0,0]->[1,3]
[3,3]->[4,3]
[8,6]->[9,3]
[12,6]->[13,2]
[12,5]->[13,0]
[9,0]->[10,0]
[11,1]->[12,3]
[B-4717]->[0,1]
[11,5]->[12,2]
[12,1]->[13,1]
[3,6]->[4,4]
[1,2]->[2,2]
[11,0]->[12,5]
[4,3]->[5,2]
[8,5]->[9,6]
[6,2]->[7,2]
[9,3]->[10,4]
[4,5]->[5,0]
[11,6]->[12,0]
[2,6]->[3,6]
[F-3647]->[0,4]
[0,1]->[1,5]
[C-3824]->[0,2]
[13,3]->[14,1]
[12,4]->[13,6]
[3,5]->[4,1]
[4,4]->[5,4]
[3,0]->[4,5]
[7,3]->[8,3]
[11,4]->[12,6]
[C-0455]->[0,5]
[4,0]->[5,3]
[C-8401]->[0,0]
[3,2]->[4,2]
[2,2]->[3,4]
[12,0]->[13,4]
[0,2]->[1,1]
[9,5]->[10,5]
[2,0]->[3,5]
[9,6]->[10,6]
[10,0]->[11,4]
[13,1]->[14,2]
====================
[C-0666]->[?]
%%%%%%%%%%%%%%%%%%%%%%%%%%%%%%%%%%%%%%%%%%%%%%%%%%%%%%%%%%%%%%%%%%
[1,7]->[2,4]
[F-0162]->[0,6]
[6,6]->[7,5]
[5,2]->[6,5]
[11,0]->[12,2]
[10,4]->[11,1]
[7,1]->[8,2]
[11,1]->[12,4]
[2,1]->[3,0]
[D-1548]->[0,4]
[14,5]->[15,2]
[0,4]->[1,3]
[15,4]->[16,7]
[5,1]->[6,6]
[14,6]->[15,3]
[9,4]->[10,6]
[12,1]->[13,2]
[7,5]->[8,3]
[8,2]->[9,5]
[9,7]->[10,3]
[2,2]->[3,1]
[5,3]->[6,1]
[12,5]->[13,6]
[6,5]->[7,6]
[10,5]->[11,2]
[F-0855]->[0,5]
[1,3]->[2,7]
[2,0]->[3,2]
[3,3]->[4,7]
[12,0]->[13,5]
[8,6]->[9,1]
[3,4]->[4,0]
[0,3]->[1,4]
[14,4]->[15,1]
[7,3]->[8,0]
[8,7]->[9,3]
[13,0]->[14,2]
[5,7]->[6,0]
[10,2]->[11,4]
[4,0]->[5,1]
[A-7606]->[0,0]
[0,1]->[1,5]
[1,1]->[2,1]
[12,6]->[13,3]
[12,3]->[13,7]
[13,7]->[14,3]
[11,5]->[12,7]
[13,6]->[14,1]
[4,4]->[5,6]
[6,0]->[7,2]
[7,7]->[8,6]
[4,1]->[5,5]
[15,1]->[16,3]
[15,3]->[16,2]
[9,2]->[10,4]
[1,4]->[2,0]
[13,4]->[14,0]
[1,0]->[2,5]
[14,3]->[15,5]
[6,2]->[7,7]
[13,1]->[14,5]
[5,6]->[6,4]
[0,0]->[1,1]
[4,2]->[5,4]
[6,4]->[7,3]
[12,4]->[13,4]
[8,0]->[9,0]
[6,1]->[7,4]
[8,5]->[9,4]
[0,6]->[1,6]
[10,7]->[11,7]
[4,7]->[5,7]
[0,2]->[1,2]
[3,6]->[4,6]
[11,6]->[12,6]
[6,7]->[7,1]
[1,6]->[2,3]
[3,1]->[4,5]
[14,7]->[15,6]
[9,3]->[10,5]
[14,1]->[15,0]
[8,1]->[9,2]
[9,0]->[10,7]
[2,3]->[3,4]
[15,5]->[16,1]
[4,3]->[5,0]
[3,7]->[4,3]
[3,5]->[4,4]
[11,7]->[12,0]
[4,6]->[5,3]
[15,7]->[16,0]
[12,2]->[13,1]
[3,0]->[4,2]
[3,2]->[4,1]
[2,4]->[3,7]
[0,7]->[1,7]
[8,4]->[9,6]
[A-1777]->[0,7]
[7,0]->[8,5]
[7,6]->[8,1]
[10,0]->[11,0]
[14,0]->[15,7]
[12,7]->[13,0]
[2,6]->[3,6]
[6,3]->[7,0]
[13,2]->[14,4]
[F-2710]->[0,1]
[2,5]->[3,5]
[10,1]->[11,5]
[1,2]->[2,2]
[15,0]->[16,5]
[11,3]->[12,5]
[8,3]->[9,7]
[E-4122]->[0,2]
[10,6]->[11,3]
[C-0030]->[0,3]
[11,4]->[12,3]
[7,2]->[8,4]
[11,2]->[12,1]
[15,2]->[16,6]
[13,5]->[14,7]
[5,5]->[6,7]
[10,3]->[11,6]
[2,7]->[3,3]
[9,1]->[10,0]
[13,3]->[14,6]
[5,0]->[6,2]
[9,5]->[10,1]
[15,6]->[16,4]
[5,4]->[6,3]
[7,4]->[8,7]
[0,5]->[1,0]
[1,5]->[2,6]
[14,2]->[15,4]
[9,6]->[10,2]
[4,5]->[5,2]
====================
[A-7606]->[?]
%%%%%%%%%%%%%%%%%%%%%%%%%%%%%%%%%%%%%%%%%%%%%%%%%%%%%%%%%%%%%%%%%%
[13,5]->[14,2]
[3,6]->[4,6]
[9,7]->[10,6]
[4,5]->[5,6]
[4,2]->[5,4]
[16,2]->[17,6]
[10,3]->[11,6]
[4,3]->[5,1]
[0,1]->[1,4]
[11,2]->[12,6]
[15,3]->[16,7]
[0,6]->[1,1]
[1,7]->[2,5]
[14,1]->[15,5]
[1,0]->[2,0]
[2,2]->[3,6]
[5,6]->[6,0]
[13,2]->[14,0]
[6,1]->[7,1]
[15,1]->[16,1]
[D-6222]->[0,2]
[15,0]->[16,2]
[11,6]->[12,2]
[14,6]->[15,4]
[15,6]->[16,4]
[2,5]->[3,3]
[9,1]->[10,3]
[16,0]->[17,3]
[F-2148]->[0,4]
[6,4]->[7,5]
[D-3834]->[0,3]
[9,5]->[10,1]
[13,7]->[14,4]
[10,2]->[11,1]
[12,4]->[13,1]
[13,4]->[14,6]
[14,7]->[15,3]
[3,3]->[4,5]
[15,2]->[16,5]
[1,5]->[2,1]
[6,7]->[7,7]
[2,4]->[3,1]
[0,5]->[1,6]
[4,6]->[5,0]
[6,3]->[7,2]
[7,0]->[8,7]
[6,0]->[7,0]
[0,3]->[1,7]
[7,3]->[8,1]
[10,4]->[11,4]
[F-4768]->[0,6]
[3,1]->[4,4]
[C-7451]->[0,5]
[8,4]->[9,6]
[7,6]->[8,0]
[2,0]->[3,2]
[8,0]->[9,7]
[2,6]->[3,0]
[11,7]->[12,4]
[1,6]->[2,3]
[3,7]->[4,3]
[12,0]->[13,2]
[15,4]->[16,3]
[9,4]->[10,2]
[12,2]->[13,5]
[9,3]->[10,7]
[14,4]->[15,2]
[16,5]->[17,0]
[E-0413]->[0,1]
[7,4]->[8,3]
[14,5]->[15,7]
[11,1]->[12,3]
[15,7]->[16,0]
[1,2]->[2,6]
[1,3]->[2,2]
[8,6]->[9,1]
[16,7]->[17,2]
[12,3]->[13,6]
[10,7]->[11,0]
[16,4]->[17,1]
[5,5]->[6,2]
[0,2]->[1,0]
[3,4]->[4,0]
[5,3]->[6,6]
[6,2]->[7,4]
[5,0]->[6,4]
[B-4102]->[0,0]
[13,0]->[14,7]
[12,7]->[13,3]
[15,5]->[16,6]
[10,1]->[11,2]
[16,1]->[17,4]
[7,7]->[8,2]
[12,5]->[13,4]
[7,2]->[8,4]
[12,6]->[13,7]
[14,3]->[15,1]
[6,6]->[7,6]
[8,3]->[9,5]
[2,1]->[3,4]
[11,5]->[12,7]
[3,5]->[4,2]
[8,2]->[9,0]
[9,6]->[10,5]
[12,1]->[13,0]
[7,1]->[8,6]
[3,0]->[4,1]
[6,5]->[7,3]
[8,7]->[9,3]
[0,4]->[1,2]
[8,5]->[9,4]
[2,3]->[3,7]
[13,6]->[14,1]
[5,4]->[6,3]
[1,1]->[2,4]
[14,0]->[15,0]
[4,7]->[5,7]
[14,2]->[15,6]
[3,2]->[4,7]
[11,3]->[12,1]
[10,0]->[11,5]
[16,6]->[17,5]
[5,7]->[6,5]
[9,0]->[10,4]
[9,2]->[10,0]
[11,0]->[12,5]
[11,4]->[12,0]
[10,5]->[11,3]
[5,1]->[6,7]
[4,0]->[5,2]
[16,3]->[17,7]
[10,6]->[11,7]
[4,4]->[5,5]
[2,7]->[3,5]
[5,2]->[6,1]
[13,3]->[14,3]
[7,5]->[8,5]
[8,1]->[9,2]
[0,0]->[1,5]
[4,1]->[5,3]
[1,4]->[2,7]
[D-5078]->[0,7]
[0,7]->[1,3]
[13,1]->[14,5]
====================
[B-4102]->[?]
%%%%%%%%%%%%%%%%%%%%%%%%%%%%%%%%%%%%%%%%%%%%%%%%%%%%%%%%%%%%%%%%%%
