103 68 82 87 90 90 87 89 78 48 76 88 75 94 57
%%%%%%%%%%%%%%%%%%%%%%%%%%%%%%%%%%%%%%%%%%%%%%%%%%%%%%%%%%%%%%%%%%
109 74 48 78 92 93 74 48 72 75 88 83 90 87 91 48 100 75 87 69 78 93 89 84 48 88 89 48 69 88 79 48 69 87 78 32
%%%%%%%%%%%%%%%%%%%%%%%%%%%%%%%%%%%%%%%%%%%%%%%%%%%%%%%%%%%%%%%%%%
122 88 90 79 78 93 88 89 48 93 74 48 74 81 78 93 74 85 81 82 78 88 75 69 57
%%%%%%%%%%%%%%%%%%%%%%%%%%%%%%%%%%%%%%%%%%%%%%%%%%%%%%%%%%%%%%%%%%
126 103 122 126 48 126 103 122 126 48 126 103 122 126
%%%%%%%%%%%%%%%%%%%%%%%%%%%%%%%%%%%%%%%%%%%%%%%%%%%%%%%%%%%%%%%%%%
109 74 48 78 92 93 74 48 72 75 88 83 90 87 91 48 100 75 87 69 78 93 89 84 48 88 89 48 69 88 79 48 69 87 78 32
%%%%%%%%%%%%%%%%%%%%%%%%%%%%%%%%%%%%%%%%%%%%%%%%%%%%%%%%%%%%%%%%%%
103 68 82 87 90 90 87 89 78 48 76 88 75 94 57
%%%%%%%%%%%%%%%%%%%%%%%%%%%%%%%%%%%%%%%%%%%%%%%%%%%%%%%%%%%%%%%%%%
109 74 48 78 92 93 74 48 72 75 88 83 90 87 91 48 100 75 87 69 78 93 89 84 48 88 89 48 69 88 79 48 69 87 78 32
%%%%%%%%%%%%%%%%%%%%%%%%%%%%%%%%%%%%%%%%%%%%%%%%%%%%%%%%%%%%%%%%%%
103 68 82 87 90 90 87 89 78 48 76 88 75 94 57
%%%%%%%%%%%%%%%%%%%%%%%%%%%%%%%%%%%%%%%%%%%%%%%%%%%%%%%%%%%%%%%%%%
103 68 82 87 90 90 87 89 78 48 76 88 75 94 57
%%%%%%%%%%%%%%%%%%%%%%%%%%%%%%%%%%%%%%%%%%%%%%%%%%%%%%%%%%%%%%%%%%
103 68 82 87 90 90 87 89 78 48 76 88 75 94 57
%%%%%%%%%%%%%%%%%%%%%%%%%%%%%%%%%%%%%%%%%%%%%%%%%%%%%%%%%%%%%%%%%%
105 88 78 48 74 79 82 92 48 81 48 100 75 87 69 48 81 75 87 81 58 48 92 79 92 32
%%%%%%%%%%%%%%%%%%%%%%%%%%%%%%%%%%%%%%%%%%%%%%%%%%%%%%%%%%%%%%%%%%
105 88 78 48 74 79 82 92 48 81 48 100 75 87 69 48 81 75 87 81 58 48 92 79 92 32
%%%%%%%%%%%%%%%%%%%%%%%%%%%%%%%%%%%%%%%%%%%%%%%%%%%%%%%%%%%%%%%%%%
100 75 87 69 78 48 95 88 83 57 48 108 81 92 81 92 81 57
%%%%%%%%%%%%%%%%%%%%%%%%%%%%%%%%%%%%%%%%%%%%%%%%%%%%%%%%%%%%%%%%%%
103 68 82 87 90 90 87 89 78 48 76 88 75 94 57
%%%%%%%%%%%%%%%%%%%%%%%%%%%%%%%%%%%%%%%%%%%%%%%%%%%%%%%%%%%%%%%%%%
105 88 78 48 74 79 82 92 48 81 48 100 75 87 69 48 81 75 87 81 58 48 92 79 92 32
%%%%%%%%%%%%%%%%%%%%%%%%%%%%%%%%%%%%%%%%%%%%%%%%%%%%%%%%%%%%%%%%%%
100 75 87 69 78 48 95 88 83 57 48 108 81 92 81 92 81 57
%%%%%%%%%%%%%%%%%%%%%%%%%%%%%%%%%%%%%%%%%%%%%%%%%%%%%%%%%%%%%%%%%%
100 75 87 69 78 48 95 88 83 57 48 108 81 92 81 92 81 57
%%%%%%%%%%%%%%%%%%%%%%%%%%%%%%%%%%%%%%%%%%%%%%%%%%%%%%%%%%%%%%%%%%
109 74 48 78 92 93 74 48 72 75 88 83 90 87 91 48 100 75 87 69 78 93 89 84 48 88 89 48 69 88 79 48 69 87 78 32
%%%%%%%%%%%%%%%%%%%%%%%%%%%%%%%%%%%%%%%%%%%%%%%%%%%%%%%%%%%%%%%%%%
105 88 78 48 74 79 82 92 48 81 48 100 75 87 69 48 81 75 87 81 58 48 92 79 92 32
%%%%%%%%%%%%%%%%%%%%%%%%%%%%%%%%%%%%%%%%%%%%%%%%%%%%%%%%%%%%%%%%%%
100 75 87 69 78 48 95 88 83 57 48 108 81 92 81 92 81 57
%%%%%%%%%%%%%%%%%%%%%%%%%%%%%%%%%%%%%%%%%%%%%%%%%%%%%%%%%%%%%%%%%%
126 103 122 126 48 126 103 122 126 48 126 103 122 126
%%%%%%%%%%%%%%%%%%%%%%%%%%%%%%%%%%%%%%%%%%%%%%%%%%%%%%%%%%%%%%%%%%
122 88 90 79 78 93 88 89 48 93 74 48 74 81 78 93 74 85 81 82 78 88 75 69 57
%%%%%%%%%%%%%%%%%%%%%%%%%%%%%%%%%%%%%%%%%%%%%%%%%%%%%%%%%%%%%%%%%%
122 88 90 79 78 93 88 89 48 93 74 48 74 81 78 93 74 85 81 82 78 88 75 69 57
%%%%%%%%%%%%%%%%%%%%%%%%%%%%%%%%%%%%%%%%%%%%%%%%%%%%%%%%%%%%%%%%%%
122 88 90 79 78 93 88 89 48 93 74 48 74 81 78 93 74 85 81 82 78 88 75 69 57
%%%%%%%%%%%%%%%%%%%%%%%%%%%%%%%%%%%%%%%%%%%%%%%%%%%%%%%%%%%%%%%%%%
105 88 78 48 74 79 82 92 48 81 48 100 75 87 69 48 81 75 87 81 58 48 92 79 92 32
%%%%%%%%%%%%%%%%%%%%%%%%%%%%%%%%%%%%%%%%%%%%%%%%%%%%%%%%%%%%%%%%%%
126 103 122 126 48 126 103 122 126 48 126 103 122 126
%%%%%%%%%%%%%%%%%%%%%%%%%%%%%%%%%%%%%%%%%%%%%%%%%%%%%%%%%%%%%%%%%%
122 88 90 79 78 93 88 89 48 93 74 48 74 81 78 93 74 85 81 82 78 88 75 69 57
%%%%%%%%%%%%%%%%%%%%%%%%%%%%%%%%%%%%%%%%%%%%%%%%%%%%%%%%%%%%%%%%%%
103 68 82 87 90 90 87 89 78 48 76 88 75 94 57
%%%%%%%%%%%%%%%%%%%%%%%%%%%%%%%%%%%%%%%%%%%%%%%%%%%%%%%%%%%%%%%%%%
105 88 78 48 74 79 82 92 48 81 48 100 75 87 69 48 81 75 87 81 58 48 92 79 92 32
%%%%%%%%%%%%%%%%%%%%%%%%%%%%%%%%%%%%%%%%%%%%%%%%%%%%%%%%%%%%%%%%%%
103 68 82 87 90 90 87 89 78 48 76 88 75 94 57
%%%%%%%%%%%%%%%%%%%%%%%%%%%%%%%%%%%%%%%%%%%%%%%%%%%%%%%%%%%%%%%%%%
109 74 48 78 92 93 74 48 72 75 88 83 90 87 91 48 100 75 87 69 78 93 89 84 48 88 89 48 69 88 79 48 69 87 78 32
%%%%%%%%%%%%%%%%%%%%%%%%%%%%%%%%%%%%%%%%%%%%%%%%%%%%%%%%%%%%%%%%%%
126 103 122 126 48 126 103 122 126 48 126 103 122 126
%%%%%%%%%%%%%%%%%%%%%%%%%%%%%%%%%%%%%%%%%%%%%%%%%%%%%%%%%%%%%%%%%%
100 75 87 69 78 48 95 88 83 57 48 108 81 92 81 92 81 57
%%%%%%%%%%%%%%%%%%%%%%%%%%%%%%%%%%%%%%%%%%%%%%%%%%%%%%%%%%%%%%%%%%
103 68 82 87 90 90 87 89 78 48 76 88 75 94 57
%%%%%%%%%%%%%%%%%%%%%%%%%%%%%%%%%%%%%%%%%%%%%%%%%%%%%%%%%%%%%%%%%%
122 88 90 79 78 93 88 89 48 93 74 48 74 81 78 93 74 85 81 82 78 88 75 69 57
%%%%%%%%%%%%%%%%%%%%%%%%%%%%%%%%%%%%%%%%%%%%%%%%%%%%%%%%%%%%%%%%%%
105 88 78 48 74 79 82 92 48 81 48 100 75 87 69 48 81 75 87 81 58 48 92 79 92 32
%%%%%%%%%%%%%%%%%%%%%%%%%%%%%%%%%%%%%%%%%%%%%%%%%%%%%%%%%%%%%%%%%%
122 88 90 79 78 93 88 89 48 93 74 48 74 81 78 93 74 85 81 82 78 88 75 69 57
%%%%%%%%%%%%%%%%%%%%%%%%%%%%%%%%%%%%%%%%%%%%%%%%%%%%%%%%%%%%%%%%%%
122 88 90 79 78 93 88 89 48 93 74 48 74 81 78 93 74 85 81 82 78 88 75 69 57
%%%%%%%%%%%%%%%%%%%%%%%%%%%%%%%%%%%%%%%%%%%%%%%%%%%%%%%%%%%%%%%%%%
103 68 82 87 90 90 87 89 78 48 76 88 75 94 57
%%%%%%%%%%%%%%%%%%%%%%%%%%%%%%%%%%%%%%%%%%%%%%%%%%%%%%%%%%%%%%%%%%
103 68 82 87 90 90 87 89 78 48 76 88 75 94 57
%%%%%%%%%%%%%%%%%%%%%%%%%%%%%%%%%%%%%%%%%%%%%%%%%%%%%%%%%%%%%%%%%%
122 88 90 79 78 93 88 89 48 93 74 48 74 81 78 93 74 85 81 82 78 88 75 69 57
%%%%%%%%%%%%%%%%%%%%%%%%%%%%%%%%%%%%%%%%%%%%%%%%%%%%%%%%%%%%%%%%%%
100 75 87 69 78 48 95 88 83 57 48 108 81 92 81 92 81 57
%%%%%%%%%%%%%%%%%%%%%%%%%%%%%%%%%%%%%%%%%%%%%%%%%%%%%%%%%%%%%%%%%%
126 103 122 126 48 126 103 122 126 48 126 103 122 126
%%%%%%%%%%%%%%%%%%%%%%%%%%%%%%%%%%%%%%%%%%%%%%%%%%%%%%%%%%%%%%%%%%
100 75 87 69 78 48 95 88 83 57 48 108 81 92 81 92 81 57
%%%%%%%%%%%%%%%%%%%%%%%%%%%%%%%%%%%%%%%%%%%%%%%%%%%%%%%%%%%%%%%%%%
109 74 48 78 92 93 74 48 72 75 88 83 90 87 91 48 100 75 87 69 78 93 89 84 48 88 89 48 69 88 79 48 69 87 78 32
%%%%%%%%%%%%%%%%%%%%%%%%%%%%%%%%%%%%%%%%%%%%%%%%%%%%%%%%%%%%%%%%%%
100 75 87 69 78 48 95 88 83 57 48 108 81 92 81 92 81 57
%%%%%%%%%%%%%%%%%%%%%%%%%%%%%%%%%%%%%%%%%%%%%%%%%%%%%%%%%%%%%%%%%%
126 103 122 126 48 126 103 122 126 48 126 103 122 126
%%%%%%%%%%%%%%%%%%%%%%%%%%%%%%%%%%%%%%%%%%%%%%%%%%%%%%%%%%%%%%%%%%
109 74 48 78 92 93 74 48 72 75 88 83 90 87 91 48 100 75 87 69 78 93 89 84 48 88 89 48 69 88 79 48 69 87 78 32
%%%%%%%%%%%%%%%%%%%%%%%%%%%%%%%%%%%%%%%%%%%%%%%%%%%%%%%%%%%%%%%%%%
103 68 82 87 90 90 87 89 78 48 76 88 75 94 57
%%%%%%%%%%%%%%%%%%%%%%%%%%%%%%%%%%%%%%%%%%%%%%%%%%%%%%%%%%%%%%%%%%
103 68 82 87 90 90 87 89 78 48 76 88 75 94 57
%%%%%%%%%%%%%%%%%%%%%%%%%%%%%%%%%%%%%%%%%%%%%%%%%%%%%%%%%%%%%%%%%%
