124 92 81 78 48 81 83 88 79 78 48 81 48 74 93 90 77 87 75 48 90 93 89 93 89 84 48 78 88 48 78 92 93 74 48 82 90 88 79 86 32
%%%%%%%%%%%%%%%%%%%%%%%%%%%%%%%%%%%%%%%%%%%%%%%%%%%%%%%%%%%%%%%%%%
122 88 90 79 78 93 88 89 48 93 74 48 74 81 78 93 74 85 81 82 78 88 75 69 57
%%%%%%%%%%%%%%%%%%%%%%%%%%%%%%%%%%%%%%%%%%%%%%%%%%%%%%%%%%%%%%%%%%
103 68 82 87 90 90 87 89 78 48 76 88 75 94 57
%%%%%%%%%%%%%%%%%%%%%%%%%%%%%%%%%%%%%%%%%%%%%%%%%%%%%%%%%%%%%%%%%%
109 74 48 78 92 93 74 48 72 75 88 83 90 87 91 48 84 75 87 69 78 93 89 84 48 88 89 48 69 88 79 48 69 87 78 32
%%%%%%%%%%%%%%%%%%%%%%%%%%%%%%%%%%%%%%%%%%%%%%%%%%%%%%%%%%%%%%%%%%
105 88 78 48 74 79 82 92 48 81 48 84 75 87 69 48 81 75 87 81 48 92 79 92 32
%%%%%%%%%%%%%%%%%%%%%%%%%%%%%%%%%%%%%%%%%%%%%%%%%%%%%%%%%%%%%%%%%%
103 68 82 87 90 90 87 89 78 48 76 88 75 94 57
%%%%%%%%%%%%%%%%%%%%%%%%%%%%%%%%%%%%%%%%%%%%%%%%%%%%%%%%%%%%%%%%%%
124 92 81 78 48 81 83 88 79 78 48 81 48 74 93 90 77 87 75 48 90 93 89 93 89 84 48 78 88 48 78 92 93 74 48 82 90 88 79 86 32
%%%%%%%%%%%%%%%%%%%%%%%%%%%%%%%%%%%%%%%%%%%%%%%%%%%%%%%%%%%%%%%%%%
103 68 82 87 90 90 87 89 78 48 76 88 75 94 57
%%%%%%%%%%%%%%%%%%%%%%%%%%%%%%%%%%%%%%%%%%%%%%%%%%%%%%%%%%%%%%%%%%
100 75 87 69 78 48 95 88 83 48 92 81 92 81 92 81 57
%%%%%%%%%%%%%%%%%%%%%%%%%%%%%%%%%%%%%%%%%%%%%%%%%%%%%%%%%%%%%%%%%%
124 92 81 78 48 81 83 88 79 78 48 81 48 74 93 90 77 87 75 48 90 93 89 93 89 84 48 78 88 48 78 92 93 74 48 82 90 88 79 86 32
%%%%%%%%%%%%%%%%%%%%%%%%%%%%%%%%%%%%%%%%%%%%%%%%%%%%%%%%%%%%%%%%%%
122 88 90 79 78 93 88 89 48 93 74 48 74 81 78 93 74 85 81 82 78 88 75 69 57
%%%%%%%%%%%%%%%%%%%%%%%%%%%%%%%%%%%%%%%%%%%%%%%%%%%%%%%%%%%%%%%%%%
105 88 78 48 74 79 82 92 48 81 48 84 75 87 69 48 81 75 87 81 48 92 79 92 32
%%%%%%%%%%%%%%%%%%%%%%%%%%%%%%%%%%%%%%%%%%%%%%%%%%%%%%%%%%%%%%%%%%
109 74 48 78 92 93 74 48 72 75 88 83 90 87 91 48 84 75 87 69 78 93 89 84 48 88 89 48 69 88 79 48 69 87 78 32
%%%%%%%%%%%%%%%%%%%%%%%%%%%%%%%%%%%%%%%%%%%%%%%%%%%%%%%%%%%%%%%%%%
103 68 82 87 90 90 87 89 78 48 76 88 75 94 57
%%%%%%%%%%%%%%%%%%%%%%%%%%%%%%%%%%%%%%%%%%%%%%%%%%%%%%%%%%%%%%%%%%
124 92 81 78 48 81 83 88 79 78 48 81 48 74 93 90 77 87 75 48 90 93 89 93 89 84 48 78 88 48 78 92 93 74 48 82 90 88 79 86 32
%%%%%%%%%%%%%%%%%%%%%%%%%%%%%%%%%%%%%%%%%%%%%%%%%%%%%%%%%%%%%%%%%%
100 75 87 69 78 48 95 88 83 48 92 81 92 81 92 81 57
%%%%%%%%%%%%%%%%%%%%%%%%%%%%%%%%%%%%%%%%%%%%%%%%%%%%%%%%%%%%%%%%%%
103 68 82 87 90 90 87 89 78 48 76 88 75 94 57
%%%%%%%%%%%%%%%%%%%%%%%%%%%%%%%%%%%%%%%%%%%%%%%%%%%%%%%%%%%%%%%%%%
100 75 87 69 78 48 95 88 83 48 92 81 92 81 92 81 57
%%%%%%%%%%%%%%%%%%%%%%%%%%%%%%%%%%%%%%%%%%%%%%%%%%%%%%%%%%%%%%%%%%
122 88 90 79 78 93 88 89 48 93 74 48 74 81 78 93 74 85 81 82 78 88 75 69 57
%%%%%%%%%%%%%%%%%%%%%%%%%%%%%%%%%%%%%%%%%%%%%%%%%%%%%%%%%%%%%%%%%%
122 88 90 79 78 93 88 89 48 93 74 48 74 81 78 93 74 85 81 82 78 88 75 69 57
%%%%%%%%%%%%%%%%%%%%%%%%%%%%%%%%%%%%%%%%%%%%%%%%%%%%%%%%%%%%%%%%%%
124 92 81 78 48 81 83 88 79 78 48 81 48 74 93 90 77 87 75 48 90 93 89 93 89 84 48 78 88 48 78 92 93 74 48 82 90 88 79 86 32
%%%%%%%%%%%%%%%%%%%%%%%%%%%%%%%%%%%%%%%%%%%%%%%%%%%%%%%%%%%%%%%%%%
122 88 90 79 78 93 88 89 48 93 74 48 74 81 78 93 74 85 81 82 78 88 75 69 57
%%%%%%%%%%%%%%%%%%%%%%%%%%%%%%%%%%%%%%%%%%%%%%%%%%%%%%%%%%%%%%%%%%
109 74 48 78 92 93 74 48 72 75 88 83 90 87 91 48 84 75 87 69 78 93 89 84 48 88 89 48 69 88 79 48 69 87 78 32
%%%%%%%%%%%%%%%%%%%%%%%%%%%%%%%%%%%%%%%%%%%%%%%%%%%%%%%%%%%%%%%%%%
124 92 81 78 48 81 83 88 79 78 48 81 48 74 93 90 77 87 75 48 90 93 89 93 89 84 48 78 88 48 78 92 93 74 48 82 90 88 79 86 32
%%%%%%%%%%%%%%%%%%%%%%%%%%%%%%%%%%%%%%%%%%%%%%%%%%%%%%%%%%%%%%%%%%
105 88 78 48 74 79 82 92 48 81 48 84 75 87 69 48 81 75 87 81 48 92 79 92 32
%%%%%%%%%%%%%%%%%%%%%%%%%%%%%%%%%%%%%%%%%%%%%%%%%%%%%%%%%%%%%%%%%%
109 74 48 78 92 93 74 48 72 75 88 83 90 87 91 48 84 75 87 69 78 93 89 84 48 88 89 48 69 88 79 48 69 87 78 32
%%%%%%%%%%%%%%%%%%%%%%%%%%%%%%%%%%%%%%%%%%%%%%%%%%%%%%%%%%%%%%%%%%
105 88 78 48 74 79 82 92 48 81 48 84 75 87 69 48 81 75 87 81 48 92 79 92 32
%%%%%%%%%%%%%%%%%%%%%%%%%%%%%%%%%%%%%%%%%%%%%%%%%%%%%%%%%%%%%%%%%%
105 88 78 48 74 79 82 92 48 81 48 84 75 87 69 48 81 75 87 81 48 92 79 92 32
%%%%%%%%%%%%%%%%%%%%%%%%%%%%%%%%%%%%%%%%%%%%%%%%%%%%%%%%%%%%%%%%%%
103 68 82 87 90 90 87 89 78 48 76 88 75 94 57
%%%%%%%%%%%%%%%%%%%%%%%%%%%%%%%%%%%%%%%%%%%%%%%%%%%%%%%%%%%%%%%%%%
109 74 48 78 92 93 74 48 72 75 88 83 90 87 91 48 84 75 87 69 78 93 89 84 48 88 89 48 69 88 79 48 69 87 78 32
%%%%%%%%%%%%%%%%%%%%%%%%%%%%%%%%%%%%%%%%%%%%%%%%%%%%%%%%%%%%%%%%%%
103 68 82 87 90 90 87 89 78 48 76 88 75 94 57
%%%%%%%%%%%%%%%%%%%%%%%%%%%%%%%%%%%%%%%%%%%%%%%%%%%%%%%%%%%%%%%%%%
103 68 82 87 90 90 87 89 78 48 76 88 75 94 57
%%%%%%%%%%%%%%%%%%%%%%%%%%%%%%%%%%%%%%%%%%%%%%%%%%%%%%%%%%%%%%%%%%
109 74 48 78 92 93 74 48 72 75 88 83 90 87 91 48 84 75 87 69 78 93 89 84 48 88 89 48 69 88 79 48 69 87 78 32
%%%%%%%%%%%%%%%%%%%%%%%%%%%%%%%%%%%%%%%%%%%%%%%%%%%%%%%%%%%%%%%%%%
122 88 90 79 78 93 88 89 48 93 74 48 74 81 78 93 74 85 81 82 78 88 75 69 57
%%%%%%%%%%%%%%%%%%%%%%%%%%%%%%%%%%%%%%%%%%%%%%%%%%%%%%%%%%%%%%%%%%
100 75 87 69 78 48 95 88 83 48 92 81 92 81 92 81 57
%%%%%%%%%%%%%%%%%%%%%%%%%%%%%%%%%%%%%%%%%%%%%%%%%%%%%%%%%%%%%%%%%%
103 68 82 87 90 90 87 89 78 48 76 88 75 94 57
%%%%%%%%%%%%%%%%%%%%%%%%%%%%%%%%%%%%%%%%%%%%%%%%%%%%%%%%%%%%%%%%%%
109 74 48 78 92 93 74 48 72 75 88 83 90 87 91 48 84 75 87 69 78 93 89 84 48 88 89 48 69 88 79 48 69 87 78 32
%%%%%%%%%%%%%%%%%%%%%%%%%%%%%%%%%%%%%%%%%%%%%%%%%%%%%%%%%%%%%%%%%%
122 88 90 79 78 93 88 89 48 93 74 48 74 81 78 93 74 85 81 82 78 88 75 69 57
%%%%%%%%%%%%%%%%%%%%%%%%%%%%%%%%%%%%%%%%%%%%%%%%%%%%%%%%%%%%%%%%%%
103 68 82 87 90 90 87 89 78 48 76 88 75 94 57
%%%%%%%%%%%%%%%%%%%%%%%%%%%%%%%%%%%%%%%%%%%%%%%%%%%%%%%%%%%%%%%%%%
109 74 48 78 92 93 74 48 72 75 88 83 90 87 91 48 84 75 87 69 78 93 89 84 48 88 89 48 69 88 79 48 69 87 78 32
%%%%%%%%%%%%%%%%%%%%%%%%%%%%%%%%%%%%%%%%%%%%%%%%%%%%%%%%%%%%%%%%%%
122 88 90 79 78 93 88 89 48 93 74 48 74 81 78 93 74 85 81 82 78 88 75 69 57
%%%%%%%%%%%%%%%%%%%%%%%%%%%%%%%%%%%%%%%%%%%%%%%%%%%%%%%%%%%%%%%%%%
122 88 90 79 78 93 88 89 48 93 74 48 74 81 78 93 74 85 81 82 78 88 75 69 57
%%%%%%%%%%%%%%%%%%%%%%%%%%%%%%%%%%%%%%%%%%%%%%%%%%%%%%%%%%%%%%%%%%
109 74 48 78 92 93 74 48 72 75 88 83 90 87 91 48 84 75 87 69 78 93 89 84 48 88 89 48 69 88 79 48 69 87 78 32
%%%%%%%%%%%%%%%%%%%%%%%%%%%%%%%%%%%%%%%%%%%%%%%%%%%%%%%%%%%%%%%%%%
103 68 82 87 90 90 87 89 78 48 76 88 75 94 57
%%%%%%%%%%%%%%%%%%%%%%%%%%%%%%%%%%%%%%%%%%%%%%%%%%%%%%%%%%%%%%%%%%
109 74 48 78 92 93 74 48 72 75 88 83 90 87 91 48 84 75 87 69 78 93 89 84 48 88 89 48 69 88 79 48 69 87 78 32
%%%%%%%%%%%%%%%%%%%%%%%%%%%%%%%%%%%%%%%%%%%%%%%%%%%%%%%%%%%%%%%%%%
105 88 78 48 74 79 82 92 48 81 48 84 75 87 69 48 81 75 87 81 48 92 79 92 32
%%%%%%%%%%%%%%%%%%%%%%%%%%%%%%%%%%%%%%%%%%%%%%%%%%%%%%%%%%%%%%%%%%
109 74 48 78 92 93 74 48 72 75 88 83 90 87 91 48 84 75 87 69 78 93 89 84 48 88 89 48 69 88 79 48 69 87 78 32
%%%%%%%%%%%%%%%%%%%%%%%%%%%%%%%%%%%%%%%%%%%%%%%%%%%%%%%%%%%%%%%%%%
122 88 90 79 78 93 88 89 48 93 74 48 74 81 78 93 74 85 81 82 78 88 75 69 57
%%%%%%%%%%%%%%%%%%%%%%%%%%%%%%%%%%%%%%%%%%%%%%%%%%%%%%%%%%%%%%%%%%
124 92 81 78 48 81 83 88 79 78 48 81 48 74 93 90 77 87 75 48 90 93 89 93 89 84 48 78 88 48 78 92 93 74 48 82 90 88 79 86 32
%%%%%%%%%%%%%%%%%%%%%%%%%%%%%%%%%%%%%%%%%%%%%%%%%%%%%%%%%%%%%%%%%%
105 88 78 48 74 79 82 92 48 81 48 84 75 87 69 48 81 75 87 81 48 92 79 92 32
%%%%%%%%%%%%%%%%%%%%%%%%%%%%%%%%%%%%%%%%%%%%%%%%%%%%%%%%%%%%%%%%%%
