[6,0]->[7,1]
[7,3]->[8,2]
[4,4]->[5,0]
[14,1]->[15,0]
[2,4]->[3,5]
[2,0]->[3,4]
[8,5]->[9,4]
[15,3]->[16,6]
[5,2]->[6,5]
[8,6]->[9,2]
[C-3607]->[0,0]
[8,3]->[9,6]
[15,4]->[16,3]
[13,5]->[14,2]
[7,5]->[8,5]
[3,6]->[4,3]
[3,1]->[4,0]
[11,0]->[12,5]
[9,5]->[10,1]
[3,3]->[4,6]
[8,4]->[9,5]
[12,1]->[13,0]
[4,5]->[5,5]
[6,1]->[7,3]
[11,6]->[12,2]
[11,2]->[12,6]
[12,6]->[13,5]
[1,5]->[2,0]
[7,1]->[8,6]
[4,3]->[5,4]
[4,2]->[5,1]
[6,6]->[7,0]
[9,4]->[10,4]
[10,5]->[11,1]
[14,5]->[15,6]
[1,0]->[2,6]
[12,4]->[13,2]
[11,1]->[12,4]
[9,1]->[10,3]
[13,1]->[14,1]
[14,6]->[15,4]
[1,6]->[2,5]
[13,3]->[14,5]
[3,5]->[4,1]
[2,3]->[3,0]
[14,3]->[15,1]
[2,2]->[3,2]
[13,2]->[14,3]
[5,5]->[6,0]
[4,1]->[5,6]
[9,0]->[10,2]
[11,5]->[12,0]
[B-0027]->[0,2]
[6,5]->[7,4]
[14,4]->[15,3]
[9,2]->[10,6]
[8,0]->[9,1]
[14,2]->[15,2]
[11,3]->[12,3]
[5,3]->[6,1]
[0,3]->[1,3]
[0,0]->[1,4]
[E-8047]->[0,4]
[5,6]->[6,4]
[10,3]->[11,6]
[A-5552]->[0,5]
[9,6]->[10,5]
[8,1]->[9,0]
[1,1]->[2,4]
[10,2]->[11,0]
[0,6]->[1,5]
[A-1867]->[0,6]
[4,0]->[5,3]
[5,1]->[6,6]
[6,4]->[7,6]
[12,0]->[13,4]
[13,4]->[14,0]
[3,2]->[4,4]
[1,3]->[2,1]
[12,5]->[13,1]
[1,4]->[2,2]
[9,3]->[10,0]
[10,1]->[11,4]
[15,5]->[16,5]
[5,4]->[6,3]
[2,6]->[3,3]
[7,2]->[8,3]
[0,5]->[1,2]
[10,4]->[11,5]
[3,0]->[4,5]
[D-4136]->[0,3]
[0,2]->[1,6]
[7,0]->[8,1]
[6,3]->[7,5]
[15,1]->[16,4]
[3,4]->[4,2]
[10,6]->[11,3]
[11,4]->[12,1]
[4,6]->[5,2]
[0,1]->[1,1]
[12,3]->[13,6]
[15,2]->[16,2]
[15,0]->[16,0]
[1,2]->[2,3]
[13,0]->[14,4]
[2,1]->[3,1]
[B-5810]->[0,1]
[5,0]->[6,2]
[12,2]->[13,3]
[8,2]->[9,3]
[10,0]->[11,2]
[7,4]->[8,4]
[7,6]->[8,0]
[13,6]->[14,6]
[2,5]->[3,6]
[0,4]->[1,0]
[14,0]->[15,5]
[6,2]->[7,2]
[15,6]->[16,1]
====================
[A-1867]->[?]
%%%%%%%%%%%%%%%%%%%%%%%%%%%%%%%%%%%%%%%%%%%%%%%%%%%%%%%%%%%%%%%%%%
